   0.0000000e+00   2.0800000e-01
   3.0000000e+00   1.9840000e-01
   6.0000000e+00   6.2500000e-02
   9.0000000e+00   8.9900000e-02
   1.2000000e+01   1.0500000e-01
   1.5000000e+01   7.5900000e-02
   1.8000000e+01   9.9400000e-02
   2.1000000e+01   1.2730000e-01
   2.4000000e+01   9.0000000e-04
   2.7000000e+01   3.5240000e-01
   3.0000000e+01   5.7390000e-01
   3.3000000e+01   5.4710000e-01
   3.6000000e+01   6.0690000e-01
   3.9000000e+01   4.9790000e-01
   4.2000000e+01   4.4580000e-01
   4.5000000e+01   5.8630000e-01
   4.8000000e+01   4.4030000e-01
   5.1000000e+01   2.3670000e-01
   5.4000000e+01   8.7300000e-02
   5.7000000e+01   5.4400000e-02
   6.0000000e+01  -1.2400000e-02
   6.3000000e+01   7.1800000e-02
   6.6000000e+01   2.4400000e-02
  