   0.0000000e+00   0.0000000e+00
   4.6000000e-03   0.0000000e+00
   5.0000000e-03   1.0000000e+00
   7.0000000e-03   1.0000000e+00
   7.4000000e-03   0.0000000e+00
   1.2000000e-01   0.0000000e+00
   1.2460000e-01   0.0000000e+00
   1.2500000e-01   1.0000000e+00
   1.2700000e-01   1.0000000e+00
   1.2740000e-01   0.0000000e+00
   2.4000000e-01   0.0000000e+00
   2.4460000e-01   0.0000000e+00
   2.4500000e-01   1.0000000e+00
   2.4700000e-01   1.0000000e+00
   2.4740000e-01   0.0000000e+00
   3.6000000e-01   0.0000000e+00
   3.6460000e-01   0.0000000e+00
   3.6500000e-01   1.0000000e+00
   3.6700000e-01   1.0000000e+00
   3.6740000e-01   0.0000000e+00
   4.8000000e-01   0.0000000e+00
   4.8460000e-01   0.0000000e+00
   4.8500000e-01   1.0000000e+00
   4.8700000e-01   1.0000000e+00
   4.8740000e-01   0.0000000e+00
   6.0000000e-01   0.0000000e+00
   6.0460000e-01   0.0000000e+00
   6.0500000e-01   1.0000000e+00
   6.0700000e-01   1.0000000e+00
   6.0740000e-01   0.0000000e+00
   7.2000000e-01   0.0000000e+00
   7.2460000e-01   0.0000000e+00
   7.2500000e-01   1.0000000e+00
   7.2700000e-01   1.0000000e+00
   7.2740000e-01   0.0000000e+00
   8.4000000e-01   0.0000000e+00
   8.4460000e-01   0.0000000e+00
   8.4500000e-01   1.0000000e+00
   8.4700000e-01   1.0000000e+00
   8.4740000e-01   0.0000000e+00
   9.6000000e-01   0.0000000e+00
   9.6460000e-01   0.0000000e+00
   9.6500000e-01   1.0000000e+00
   9.6700000e-01   1.0000000e+00
   9.6740000e-01   0.0000000e+00
   1.0800000e+00   0.0000000e+00
   1.0846000e+00   0.0000000e+00
   1.0850000e+00   1.0000000e+00
   1.0870000e+00   1.0000000e+00
   1.0874000e+00   0.0000000e+00
   1.2000000e+00   0.0000000e+00
   1.2046000e+00   0.0000000e+00
   1.2050000e+00   1.0000000e+00
   1.2070000e+00   1.0000000e+00
   1.2074000e+00   0.0000000e+00
   1.3200000e+00   0.0000000e+00
   1.3246000e+00   0.0000000e+00
   1.3250000e+00   1.0000000e+00
   1.3270000e+00   1.0000000e+00
   1.3274000e+00   0.0000000e+00
   1.4400000e+00   0.0000000e+00
   1.4446000e+00   0.0000000e+00
   1.4450000e+00   1.0000000e+00
   1.4470000e+00   1.0000000e+00
   1.4474000e+00   0.0000000e+00
   1.5600000e+00   0.0000000e+00
   1.5646000e+00   0.0000000e+00
   1.5650000e+00   1.0000000e+00
   1.5670000e+00   1.0000000e+00
   1.5674000e+00   0.0000000e+00
   1.6800000e+00   0.0000000e+00
   1.6846000e+00   0.0000000e+00
   1.6850000e+00   1.0000000e+00
   1.6870000e+00   1.0000000e+00
   1.6874000e+00   0.0000000e+00
   1.8000000e+00   0.0000000e+00
   1.8046000e+00   0.0000000e+00
   1.8050000e+00   1.0000000e+00
   1.8070000e+00   1.0000000e+00
   1.8074000e+00   0.0000000e+00
   1.9200000e+00   0.0000000e+00
   1.9246000e+00   0.0000000e+00
   1.9250000e+00   1.0000000e+00
   1.9270000e+00   1.0000000e+00
   1.9274000e+00   0.0000000e+00
   2.0400000e+00   0.0000000e+00
   2.0446000e+00   0.0000000e+00
   2.0450000e+00   1.0000000e+00
   2.0470000e+00   1.0000000e+00
   2.0474000e+00   0.0000000e+00
   2.1600000e+00   0.0000000e+00
   2.1646000e+00   0.0000000e+00
   2.1650000e+00   1.0000000e+00
   2.1670000e+00   1.0000000e+00
   2.1674000e+00   0.0000000e+00
   2.2800000e+00   0.0000000e+00
   2.2846000e+00   0.0000000e+00
   2.2850000e+00   1.0000000e+00
   2.2870000e+00   1.0000000e+00
   2.2874000e+00   0.0000000e+00
   2.4000000e+00   0.0000000e+00
   2.4046000e+00   0.0000000e+00
   2.4050000e+00   1.0000000e+00
   2.4070000e+00   1.0000000e+00
   2.4074000e+00   0.0000000e+00
   2.5200000e+00   0.0000000e+00
   2.5246000e+00   0.0000000e+00
   2.5250000e+00   1.0000000e+00
   2.5270000e+00   1.0000000e+00
   2.5274000e+00   0.0000000e+00
   2.6400000e+00   0.0000000e+00
   2.6446000e+00   0.0000000e+00
   2.6450000e+00   1.0000000e+00
   2.6470000e+00   1.0000000e+00
   2.6474000e+00   0.0000000e+00
   2.7600000e+00   0.0000000e+00
   2.7646000e+00   0.0000000e+00
   2.7650000e+00   1.0000000e+00
   2.7670000e+00   1.0000000e+00
   2.7674000e+00   0.0000000e+00
   2.8800000e+00   0.0000000e+00
   2.8846000e+00   0.0000000e+00
   2.8850000e+00   1.0000000e+00
   2.8870000e+00   1.0000000e+00
   2.8874000e+00   0.0000000e+00
   3.0000000e+00   0.0000000e+00
   3.0046000e+00   0.0000000e+00
   3.0050000e+00   1.0000000e+00
   3.0070000e+00   1.0000000e+00
   3.0074000e+00   0.0000000e+00
   3.1200000e+00   0.0000000e+00
   3.1246000e+00   0.0000000e+00
   3.1250000e+00   1.0000000e+00
   3.1270000e+00   1.0000000e+00
   3.1274000e+00   0.0000000e+00
   3.2400000e+00   0.0000000e+00
   3.2446000e+00   0.0000000e+00
   3.2450000e+00   1.0000000e+00
   3.2470000e+00   1.0000000e+00
   3.2474000e+00   0.0000000e+00
   3.3600000e+00   0.0000000e+00
   3.3646000e+00   0.0000000e+00
   3.3650000e+00   1.0000000e+00
   3.3670000e+00   1.0000000e+00
   3.3674000e+00   0.0000000e+00
   3.4800000e+00   0.0000000e+00
   3.4846000e+00   0.0000000e+00
   3.4850000e+00   1.0000000e+00
   3.4870000e+00   1.0000000e+00
   3.4874000e+00   0.0000000e+00
   3.6000000e+00   0.0000000e+00
   3.6046000e+00   0.0000000e+00
   3.6050000e+00   1.0000000e+00
   3.6070000e+00   1.0000000e+00
   3.6074000e+00   0.0000000e+00
   3.7200000e+00   0.0000000e+00
   3.7246000e+00   0.0000000e+00
   3.7250000e+00   1.0000000e+00
   3.7270000e+00   1.0000000e+00
   3.7274000e+00   0.0000000e+00
   3.8400000e+00   0.0000000e+00
   3.8446000e+00   0.0000000e+00
   3.8450000e+00   1.0000000e+00
   3.8470000e+00   1.0000000e+00
   3.8474000e+00   0.0000000e+00
   3.9600000e+00   0.0000000e+00
   3.9646000e+00   0.0000000e+00
   3.9650000e+00   1.0000000e+00
   3.9670000e+00   1.0000000e+00
   3.9674000e+00   0.0000000e+00
   4.0800000e+00   0.0000000e+00
   4.0846000e+00   0.0000000e+00
   4.0850000e+00   1.0000000e+00
   4.0870000e+00   1.0000000e+00
   4.0874000e+00   0.0000000e+00
   4.2000000e+00   0.0000000e+00
   4.2046000e+00   0.0000000e+00
   4.2050000e+00   1.0000000e+00
   4.2070000e+00   1.0000000e+00
   4.2074000e+00   0.0000000e+00
   4.3200000e+00   0.0000000e+00
   4.3246000e+00   0.0000000e+00
   4.3250000e+00   1.0000000e+00
   4.3270000e+00   1.0000000e+00
   4.3274000e+00   0.0000000e+00
   4.4400000e+00   0.0000000e+00
   4.4446000e+00   0.0000000e+00
   4.4450000e+00   1.0000000e+00
   4.4470000e+00   1.0000000e+00
   4.4474000e+00   0.0000000e+00
   4.5600000e+00   0.0000000e+00
   4.5646000e+00   0.0000000e+00
   4.5650000e+00   1.0000000e+00
   4.5670000e+00   1.0000000e+00
   4.5674000e+00   0.0000000e+00
   4.6800000e+00   0.0000000e+00
   4.6846000e+00   0.0000000e+00
   4.6850000e+00   1.0000000e+00
   4.6870000e+00   1.0000000e+00
   4.6874000e+00   0.0000000e+00
   4.8000000e+00   0.0000000e+00
   4.8046000e+00   0.0000000e+00
   4.8050000e+00   1.0000000e+00
   4.8070000e+00   1.0000000e+00
   4.8074000e+00   0.0000000e+00
   4.9200000e+00   0.0000000e+00
   4.9246000e+00   0.0000000e+00
   4.9250000e+00   1.0000000e+00
   4.9270000e+00   1.0000000e+00
   4.9274000e+00   0.0000000e+00
   5.0400000e+00   0.0000000e+00
   5.0446000e+00   0.0000000e+00
   5.0450000e+00   1.0000000e+00
   5.0470000e+00   1.0000000e+00
   5.0474000e+00   0.0000000e+00
   5.1600000e+00   0.0000000e+00
   5.1646000e+00   0.0000000e+00
   5.1650000e+00   1.0000000e+00
   5.1670000e+00   1.0000000e+00
   5.1674000e+00   0.0000000e+00
   5.2800000e+00   0.0000000e+00
   5.2846000e+00   0.0000000e+00
   5.2850000e+00   1.0000000e+00
   5.2870000e+00   1.0000000e+00
   5.2874000e+00   0.0000000e+00
   5.4000000e+00   0.0000000e+00
   5.4046000e+00   0.0000000e+00
   5.4050000e+00   1.0000000e+00
   5.4070000e+00   1.0000000e+00
   5.4074000e+00   0.0000000e+00
   5.5200000e+00   0.0000000e+00
   5.5246000e+00   0.0000000e+00
   5.5250000e+00   1.0000000e+00
   5.5270000e+00   1.0000000e+00
   5.5274000e+00   0.0000000e+00
   5.6400000e+00   0.0000000e+00
   5.6446000e+00   0.0000000e+00
   5.6450000e+00   1.0000000e+00
   5.6470000e+00   1.0000000e+00
   5.6474000e+00   0.0000000e+00
   5.7600000e+00   0.0000000e+00
   5.7646000e+00   0.0000000e+00
   5.7650000e+00   1.0000000e+00
   5.7670000e+00   1.0000000e+00
   5.7674000e+00   0.0000000e+00
   5.8800000e+00   0.0000000e+00
   5.8846000e+00   0.0000000e+00
   5.8850000e+00   1.0000000e+00
   5.8870000e+00   1.0000000e+00
   5.8874000e+00   0.0000000e+00
   6.0000000e+00   0.0000000e+00
   6.0046000e+00   0.0000000e+00
   6.0050000e+00   1.0000000e+00
   6.0070000e+00   1.0000000e+00
   6.0074000e+00   0.0000000e+00
   6.1200000e+00   0.0000000e+00
   6.1246000e+00   0.0000000e+00
   6.1250000e+00   1.0000000e+00
   6.1270000e+00   1.0000000e+00
   6.1274000e+00   0.0000000e+00
   6.2400000e+00   0.0000000e+00
   6.2446000e+00   0.0000000e+00
   6.2450000e+00   1.0000000e+00
   6.2470000e+00   1.0000000e+00
   6.2474000e+00   0.0000000e+00
   6.3600000e+00   0.0000000e+00
   6.3646000e+00   0.0000000e+00
   6.3650000e+00   1.0000000e+00
   6.3670000e+00   1.0000000e+00
   6.3674000e+00   0.0000000e+00
   6.4800000e+00   0.0000000e+00
   6.4846000e+00   0.0000000e+00
   6.4850000e+00   1.0000000e+00
   6.4870000e+00   1.0000000e+00
   6.4874000e+00   0.0000000e+00
   6.6000000e+00   0.0000000e+00
   6.6046000e+00   0.0000000e+00
   6.6050000e+00   1.0000000e+00
   6.6070000e+00   1.0000000e+00
   6.6074000e+00   0.0000000e+00
   6.7200000e+00   0.0000000e+00
   6.7246000e+00   0.0000000e+00
   6.7250000e+00   1.0000000e+00
   6.7270000e+00   1.0000000e+00
   6.7274000e+00   0.0000000e+00
   6.8400000e+00   0.0000000e+00
   6.8446000e+00   0.0000000e+00
   6.8450000e+00   1.0000000e+00
   6.8470000e+00   1.0000000e+00
   6.8474000e+00   0.0000000e+00
   6.9600000e+00   0.0000000e+00
   6.9646000e+00   0.0000000e+00
   6.9650000e+00   1.0000000e+00
   6.9670000e+00   1.0000000e+00
   6.9674000e+00   0.0000000e+00
   7.0800000e+00   0.0000000e+00
   7.0846000e+00   0.0000000e+00
   7.0850000e+00   1.0000000e+00
   7.0870000e+00   1.0000000e+00
   7.0874000e+00   0.0000000e+00
   7.2000000e+00   0.0000000e+00
   7.2046000e+00   0.0000000e+00
   7.2050000e+00   1.0000000e+00
   7.2070000e+00   1.0000000e+00
   7.2074000e+00   0.0000000e+00
   7.3200000e+00   0.0000000e+00
   7.3246000e+00   0.0000000e+00
   7.3250000e+00   1.0000000e+00
   7.3270000e+00   1.0000000e+00
   7.3274000e+00   0.0000000e+00
   7.4400000e+00   0.0000000e+00
   7.4446000e+00   0.0000000e+00
   7.4450000e+00   1.0000000e+00
   7.4470000e+00   1.0000000e+00
   7.4474000e+00   0.0000000e+00
   7.5600000e+00   0.0000000e+00
   7.5646000e+00   0.0000000e+00
   7.5650000e+00   1.0000000e+00
   7.5670000e+00   1.0000000e+00
   7.5674000e+00   0.0000000e+00
   7.6800000e+00   0.0000000e+00
   7.6846000e+00   0.0000000e+00
   7.6850000e+00   1.0000000e+00
   7.6870000e+00   1.0000000e+00
   7.6874000e+00   0.0000000e+00
   7.8000000e+00   0.0000000e+00
   7.8046000e+00   0.0000000e+00
   7.8050000e+00   1.0000000e+00
   7.8070000e+00   1.0000000e+00
   7.8074000e+00   0.0000000e+00
   7.9200000e+00   0.0000000e+00
   7.9246000e+00   0.0000000e+00
   7.9250000e+00   1.0000000e+00
   7.9270000e+00   1.0000000e+00
   7.9274000e+00   0.0000000e+00
   8.0400000e+00   0.0000000e+00
   8.0446000e+00   0.0000000e+00
   8.0450000e+00   1.0000000e+00
   8.0470000e+00   1.0000000e+00
   8.0474000e+00   0.0000000e+00
   8.1600000e+00   0.0000000e+00
   8.1646000e+00   0.0000000e+00
   8.1650000e+00   1.0000000e+00
   8.1670000e+00   1.0000000e+00
   8.1674000e+00   0.0000000e+00
   8.2800000e+00   0.0000000e+00
   8.2846000e+00   0.0000000e+00
   8.2850000e+00   1.0000000e+00
   8.2870000e+00   1.0000000e+00
   8.2874000e+00   0.0000000e+00
   8.4000000e+00   0.0000000e+00
   8.4046000e+00   0.0000000e+00
   8.4050000e+00   1.0000000e+00
   8.4070000e+00   1.0000000e+00
   8.4074000e+00   0.0000000e+00
   8.5200000e+00   0.0000000e+00
   8.5246000e+00   0.0000000e+00
   8.5250000e+00   1.0000000e+00
   8.5270000e+00   1.0000000e+00
   8.5274000e+00   0.0000000e+00
   8.6400000e+00   0.0000000e+00
   8.6446000e+00   0.0000000e+00
   8.6450000e+00   1.0000000e+00
   8.6470000e+00   1.0000000e+00
   8.6474000e+00   0.0000000e+00
   8.7600000e+00   0.0000000e+00
   8.7646000e+00   0.0000000e+00
   8.7650000e+00   1.0000000e+00
   8.7670000e+00   1.0000000e+00
   8.7674000e+00   0.0000000e+00
   8.8800000e+00   0.0000000e+00
   8.8846000e+00   0.0000000e+00
   8.8850000e+00   1.0000000e+00
   8.8870000e+00   1.0000000e+00
   8.8874000e+00   0.0000000e+00
   9.0000000e+00   0.0000000e+00
   9.0046000e+00   0.0000000e+00
   9.0050000e+00   1.0000000e+00
   9.0070000e+00   1.0000000e+00
   9.0074000e+00   0.0000000e+00
   9.1200000e+00   0.0000000e+00
   9.1246000e+00   0.0000000e+00
   9.1250000e+00   1.0000000e+00
   9.1270000e+00   1.0000000e+00
   9.1274000e+00   0.0000000e+00
   9.2400000e+00   0.0000000e+00
   9.2446000e+00   0.0000000e+00
   9.2450000e+00   1.0000000e+00
   9.2470000e+00   1.0000000e+00
   9.2474000e+00   0.0000000e+00
   9.3600000e+00   0.0000000e+00
   9.3646000e+00   0.0000000e+00
   9.3650000e+00   1.0000000e+00
   9.3670000e+00   1.0000000e+00
   9.3674000e+00   0.0000000e+00
   9.4800000e+00   0.0000000e+00
   9.4846000e+00   0.0000000e+00
   9.4850000e+00   1.0000000e+00
   9.4870000e+00   1.0000000e+00
   9.4874000e+00   0.0000000e+00
   9.6000000e+00   0.0000000e+00
   9.6046000e+00   0.0000000e+00
   9.6050000e+00   1.0000000e+00
   9.6070000e+00   1.0000000e+00
   9.6074000e+00   0.0000000e+00
   9.7200000e+00   0.0000000e+00
   9.7246000e+00   0.0000000e+00
   9.7250000e+00   1.0000000e+00
   9.7270000e+00   1.0000000e+00
   9.7274000e+00   0.0000000e+00
   9.8400000e+00   0.0000000e+00
   9.8446000e+00   0.0000000e+00
   9.8450000e+00   1.0000000e+00
   9.8470000e+00   1.0000000e+00
   9.8474000e+00   0.0000000e+00
   9.9600000e+00   0.0000000e+00
   9.9646000e+00   0.0000000e+00
   9.9650000e+00   1.0000000e+00
   9.9670000e+00   1.0000000e+00
   9.9674000e+00   0.0000000e+00
   1.0080000e+01   0.0000000e+00
   1.0084600e+01   0.0000000e+00
   1.0085000e+01   1.0000000e+00
   1.0087000e+01   1.0000000e+00
   1.0087400e+01   0.0000000e+00
   1.0200000e+01   0.0000000e+00
   1.0204600e+01   0.0000000e+00
   1.0205000e+01   1.0000000e+00
   1.0207000e+01   1.0000000e+00
   1.0207400e+01   0.0000000e+00
   1.0320000e+01   0.0000000e+00
   1.0324600e+01   0.0000000e+00
   1.0325000e+01   1.0000000e+00
   1.0327000e+01   1.0000000e+00
   1.0327400e+01   0.0000000e+00
   1.0440000e+01   0.0000000e+00
   1.0444600e+01   0.0000000e+00
   1.0445000e+01   1.0000000e+00
   1.0447000e+01   1.0000000e+00
   1.0447400e+01   0.0000000e+00
   1.0560000e+01   0.0000000e+00
   1.0564600e+01   0.0000000e+00
   1.0565000e+01   1.0000000e+00
   1.0567000e+01   1.0000000e+00
   1.0567400e+01   0.0000000e+00
   1.0680000e+01   0.0000000e+00
   1.0684600e+01   0.0000000e+00
   1.0685000e+01   1.0000000e+00
   1.0687000e+01   1.0000000e+00
   1.0687400e+01   0.0000000e+00
   1.0800000e+01   0.0000000e+00
   1.0804600e+01   0.0000000e+00
   1.0805000e+01   1.0000000e+00
   1.0807000e+01   1.0000000e+00
   1.0807400e+01   0.0000000e+00
   1.0920000e+01   0.0000000e+00
   1.0924600e+01   0.0000000e+00
   1.0925000e+01   1.0000000e+00
   1.0927000e+01   1.0000000e+00
   1.0927400e+01   0.0000000e+00
   1.1040000e+01   0.0000000e+00
   1.1044600e+01   0.0000000e+00
   1.1045000e+01   1.0000000e+00
   1.1047000e+01   1.0000000e+00
   1.1047400e+01   0.0000000e+00
   1.1160000e+01   0.0000000e+00
   1.1164600e+01   0.0000000e+00
   1.1165000e+01   1.0000000e+00
   1.1167000e+01   1.0000000e+00
   1.1167400e+01   0.0000000e+00
   1.1280000e+01   0.0000000e+00
   1.1284600e+01   0.0000000e+00
   1.1285000e+01   1.0000000e+00
   1.1287000e+01   1.0000000e+00
   1.1287400e+01   0.0000000e+00
   1.1400000e+01   0.0000000e+00
   1.1404600e+01   0.0000000e+00
   1.1405000e+01   1.0000000e+00
   1.1407000e+01   1.0000000e+00
   1.1407400e+01   0.0000000e+00
   1.1520000e+01   0.0000000e+00
   1.1524600e+01   0.0000000e+00
   1.1525000e+01   1.0000000e+00
   1.1527000e+01   1.0000000e+00
   1.1527400e+01   0.0000000e+00
   1.1640000e+01   0.0000000e+00
   1.1644600e+01   0.0000000e+00
   1.1645000e+01   1.0000000e+00
   1.1647000e+01   1.0000000e+00
   1.1647400e+01   0.0000000e+00
   1.1760000e+01   0.0000000e+00
   1.1764600e+01   0.0000000e+00
   1.1765000e+01   1.0000000e+00
   1.1767000e+01   1.0000000e+00
   1.1767400e+01   0.0000000e+00
   1.1880000e+01   0.0000000e+00
   1.1884600e+01   0.0000000e+00
   1.1885000e+01   1.0000000e+00
   1.1887000e+01   1.0000000e+00
   1.1887400e+01   0.0000000e+00
   1.2000000e+01   0.0000000e+00
   1.2004600e+01   0.0000000e+00
   1.2005000e+01   1.0000000e+00
   1.2007000e+01   1.0000000e+00
   1.2007400e+01   0.0000000e+00
   1.2120000e+01   0.0000000e+00
   1.2124600e+01   0.0000000e+00
   1.2125000e+01   1.0000000e+00
   1.2127000e+01   1.0000000e+00
   1.2127400e+01   0.0000000e+00
   1.2240000e+01   0.0000000e+00
   1.2244600e+01   0.0000000e+00
   1.2245000e+01   1.0000000e+00
   1.2247000e+01   1.0000000e+00
   1.2247400e+01   0.0000000e+00
   1.2360000e+01   0.0000000e+00
   1.2364600e+01   0.0000000e+00
   1.2365000e+01   1.0000000e+00
   1.2367000e+01   1.0000000e+00
   1.2367400e+01   0.0000000e+00
   1.2480000e+01   0.0000000e+00
   1.2484600e+01   0.0000000e+00
   1.2485000e+01   1.0000000e+00
   1.2487000e+01   1.0000000e+00
   1.2487400e+01   0.0000000e+00
   1.2600000e+01   0.0000000e+00
   1.2604600e+01   0.0000000e+00
   1.2605000e+01   1.0000000e+00
   1.2607000e+01   1.0000000e+00
   1.2607400e+01   0.0000000e+00
   1.2720000e+01   0.0000000e+00
   1.2724600e+01   0.0000000e+00
   1.2725000e+01   1.0000000e+00
   1.2727000e+01   1.0000000e+00
   1.2727400e+01   0.0000000e+00
   1.2840000e+01   0.0000000e+00
   1.2844600e+01   0.0000000e+00
   1.2845000e+01   1.0000000e+00
   1.2847000e+01   1.0000000e+00
   1.2847400e+01   0.0000000e+00
   1.2960000e+01   0.0000000e+00
   1.2964600e+01   0.0000000e+00
   1.2965000e+01   1.0000000e+00
   1.2967000e+01   1.0000000e+00
   1.2967400e+01   0.0000000e+00
   1.3080000e+01   0.0000000e+00
   1.3084600e+01   0.0000000e+00
   1.3085000e+01   1.0000000e+00
   1.3087000e+01   1.0000000e+00
   1.3087400e+01   0.0000000e+00
   1.3200000e+01   0.0000000e+00
   1.3204600e+01   0.0000000e+00
   1.3205000e+01   1.0000000e+00
   1.3207000e+01   1.0000000e+00
   1.3207400e+01   0.0000000e+00
   1.3320000e+01   0.0000000e+00
   1.3324600e+01   0.0000000e+00
   1.3325000e+01   1.0000000e+00
   1.3327000e+01   1.0000000e+00
   1.3327400e+01   0.0000000e+00
   1.3440000e+01   0.0000000e+00
   1.3444600e+01   0.0000000e+00
   1.3445000e+01   1.0000000e+00
   1.3447000e+01   1.0000000e+00
   1.3447400e+01   0.0000000e+00
   1.3560000e+01   0.0000000e+00
   1.3564600e+01   0.0000000e+00
   1.3565000e+01   1.0000000e+00
   1.3567000e+01   1.0000000e+00
   1.3567400e+01   0.0000000e+00
   1.3680000e+01   0.0000000e+00
   1.3684600e+01   0.0000000e+00
   1.3685000e+01   1.0000000e+00
   1.3687000e+01   1.0000000e+00
   1.3687400e+01   0.0000000e+00
   1.3800000e+01   0.0000000e+00
   1.3804600e+01   0.0000000e+00
   1.3805000e+01   1.0000000e+00
   1.3807000e+01   1.0000000e+00
   1.3807400e+01   0.0000000e+00
   1.3920000e+01   0.0000000e+00
   1.3924600e+01   0.0000000e+00
   1.3925000e+01   1.0000000e+00
   1.3927000e+01   1.0000000e+00
   1.3927400e+01   0.0000000e+00
   1.4040000e+01   0.0000000e+00
   1.4044600e+01   0.0000000e+00
   1.4045000e+01   1.0000000e+00
   1.4047000e+01   1.0000000e+00
   1.4047400e+01   0.0000000e+00
   1.4160000e+01   0.0000000e+00
   1.4164600e+01   0.0000000e+00
   1.4165000e+01   1.0000000e+00
   1.4167000e+01   1.0000000e+00
   1.4167400e+01   0.0000000e+00
   1.4280000e+01   0.0000000e+00
   1.4284600e+01   0.0000000e+00
   1.4285000e+01   1.0000000e+00
   1.4287000e+01   1.0000000e+00
   1.4287400e+01   0.0000000e+00
   1.4400000e+01   0.0000000e+00
   1.4404600e+01   0.0000000e+00
   1.4405000e+01   1.0000000e+00
   1.4407000e+01   1.0000000e+00
   1.4407400e+01   0.0000000e+00
   1.4520000e+01   0.0000000e+00
   1.4524600e+01   0.0000000e+00
   1.4525000e+01   1.0000000e+00
   1.4527000e+01   1.0000000e+00
   1.4527400e+01   0.0000000e+00
   1.4640000e+01   0.0000000e+00
   1.4644600e+01   0.0000000e+00
   1.4645000e+01   1.0000000e+00
   1.4647000e+01   1.0000000e+00
   1.4647400e+01   0.0000000e+00
   1.4760000e+01   0.0000000e+00
   1.4764600e+01   0.0000000e+00
   1.4765000e+01   1.0000000e+00
   1.4767000e+01   1.0000000e+00
   1.4767400e+01   0.0000000e+00
   1.4880000e+01   0.0000000e+00
   1.4884600e+01   0.0000000e+00
   1.4885000e+01   1.0000000e+00
   1.4887000e+01   1.0000000e+00
   1.4887400e+01   0.0000000e+00
   1.5000000e+01   0.0000000e+00
