   0.0000000e+00   0.0000000e+00   0.0000000e+00   0.0000000e+00   0.0000000e+00   0.0000000e+00   0.0000000e+00
   1.2000000e-01   5.8144712e-06   4.2292641e-06  -1.1760802e-05   1.1809568e-04   9.7111104e-04   5.1648734e-05
   2.4000000e-01   1.0828956e-05   8.2230572e-06  -2.2259822e-05   2.3158822e-04   1.8957061e-03   1.0155463e-04
   3.6000000e-01   1.5084600e-05   1.1986503e-05  -3.1536353e-05   3.4050578e-04   2.7746324e-03   1.4969486e-04
   4.8000000e-01   1.8622548e-05   1.5524725e-05  -3.9629688e-05   4.4487654e-04   3.6087375e-03   1.9604659e-04
   6.0000000e-01   2.1483946e-05   1.8842847e-05  -4.6579120e-05   5.4472867e-04   4.3988685e-03   2.4058700e-04
   7.2000000e-01   2.3709938e-05   2.1945994e-05  -5.2423942e-05   6.4009035e-04   5.1458728e-03   2.8329325e-04
   8.4000000e-01   2.5341671e-05   2.4839288e-05  -5.7203448e-05   7.3098975e-04   5.8505978e-03   3.2414252e-04
   9.6000000e-01   2.6420289e-05   2.7527854e-05  -6.0956929e-05   8.1745503e-04   6.5138909e-03   3.6311197e-04
   1.0800000e+00   2.6986937e-05   3.0016816e-05  -6.3723679e-05   8.9951439e-04   7.1365992e-03   4.0017878e-04
   1.2000000e+00   2.7082761e-05   3.2311297e-05  -6.5542991e-05   9.7719598e-04   7.7195703e-03   4.3532011e-04
   1.3200000e+00   2.6748907e-05   3.4416420e-05  -6.6454159e-05   1.0505280e-03   8.2636514e-03   4.6851314e-04
   1.4400000e+00   2.6026518e-05   3.6337311e-05  -6.6496474e-05   1.1195386e-03   8.7696898e-03   4.9973503e-04
   1.5600000e+00   2.4956741e-05   3.8079092e-05  -6.5709230e-05   1.1842559e-03   9.2385329e-03   5.2896297e-04
   1.6800000e+00   2.3580721e-05   3.9646888e-05  -6.4131721e-05   1.2447082e-03   9.6710280e-03   5.5617410e-04
   1.8000000e+00   2.1939604e-05   4.1045822e-05  -6.1803238e-05   1.3009236e-03   1.0068023e-02   5.8134562e-04
   1.9200000e+00   2.0074533e-05   4.2281018e-05  -5.8763076e-05   1.3529302e-03   1.0430364e-02   6.0445468e-04
   2.0400000e+00   1.8026655e-05   4.3357600e-05  -5.5050526e-05   1.4007563e-03   1.0758899e-02   6.2547847e-04
   2.1600000e+00   1.5837116e-05   4.4280691e-05  -5.0704883e-05   1.4444301e-03   1.1054476e-02   6.4439414e-04
   2.2800000e+00   1.3547059e-05   4.5055416e-05  -4.5765438e-05   1.4839796e-03   1.1317941e-02   6.6117886e-04
   2.4000000e+00   1.1197631e-05   4.5686898e-05  -4.0271486e-05   1.5194331e-03   1.1550142e-02   6.7580982e-04
   2.5200000e+00   8.8299761e-06   4.6180261e-05  -3.4262319e-05   1.5508187e-03   1.1751927e-02   6.8826418e-04
   2.6400000e+00   6.4852405e-06   4.6540629e-05  -2.7777229e-05   1.5781647e-03   1.1924142e-02   6.9851911e-04
   2.7600000e+00   4.2045691e-06   4.6773126e-05  -2.0855511e-05   1.6014991e-03   1.2067636e-02   7.0655177e-04
   2.8800000e+00   2.0291072e-06   4.6882875e-05  -1.3536457e-05   1.6208502e-03   1.2183255e-02   7.1233935e-04
   3.0000000e+00   0.0000000e+00   4.6875000e-05  -5.8593600e-06   1.6362462e-03   1.2271846e-02   7.1585901e-04
   3.1200000e+00  -1.8416072e-06   4.6754625e-05   2.1364871e-06   1.6477151e-03   1.2334258e-02   7.1708792e-04
   3.2400000e+00  -3.4545691e-06   4.6526874e-05   1.0411791e-05   1.6552853e-03   1.2371337e-02   7.1600325e-04
   3.3600000e+00  -4.7977405e-06   4.6196871e-05   1.8927259e-05   1.6589848e-03   1.2383931e-02   7.1258217e-04
   3.4800000e+00  -5.8299761e-06   4.5769739e-05   2.7643598e-05   1.6588418e-03   1.2372887e-02   7.0680186e-04
   3.6000000e+00  -6.5101306e-06   4.5250602e-05   3.6521515e-05   1.6548845e-03   1.2339052e-02   6.9863948e-04
   3.7200000e+00  -6.7970589e-06   4.4644584e-05   4.5521717e-05   1.6471411e-03   1.2283274e-02   6.8807220e-04
   3.8400000e+00  -6.6496156e-06   4.3956809e-05   5.4604910e-05   1.6356397e-03   1.2206400e-02   6.7507719e-04
   3.9600000e+00  -6.0266554e-06   4.3192400e-05   6.3731803e-05   1.6204086e-03   1.2109278e-02   6.5963163e-04
   4.0800000e+00  -4.8870332e-06   4.2356482e-05   7.2863102e-05   1.6014759e-03   1.1992754e-02   6.4171268e-04
   4.2000000e+00  -3.1896036e-06   4.1454178e-05   8.1959513e-05   1.5788697e-03   1.1857676e-02   6.2129752e-04
   4.3200000e+00  -8.9322140e-07   4.0490612e-05   9.0981745e-05   1.5526183e-03   1.1704892e-02   5.9836331e-04
   4.4400000e+00   2.0432587e-06   3.9470908e-05   9.9890503e-05   1.5227498e-03   1.1535249e-02   5.7288722e-04
   4.5600000e+00   5.6609819e-06   3.8400189e-05   1.0864650e-04   1.4892923e-03   1.1349593e-02   5.4484643e-04
   4.6800000e+00   1.0001093e-05   3.7283580e-05   1.1721043e-04   1.4522742e-03   1.1148773e-02   5.1421811e-04
   4.8000000e+00   1.5104739e-05   3.6126203e-05   1.2554301e-04   1.4117234e-03   1.0933636e-02   4.8097942e-04
   4.9200000e+00   2.1013063e-05   3.4933184e-05   1.3360495e-04   1.3676683e-03   1.0705029e-02   4.4510754e-04
   5.0400000e+00   2.7767211e-05   3.3709646e-05   1.4135694e-04   1.3201370e-03   1.0463799e-02   4.0657964e-04
   5.1600000e+00   3.5408329e-05   3.2460712e-05   1.4875971e-04   1.2691576e-03   1.0210795e-02   3.6537288e-04
   5.2800000e+00   4.3977562e-05   3.1191506e-05   1.5577396e-04   1.2147583e-03   9.9468619e-03   3.2146444e-04
   5.4000000e+00   5.3516054e-05   2.9907153e-05   1.6236038e-04   1.1569674e-03   9.6728486e-03   2.7483148e-04
   5.5200000e+00   6.4064952e-05   2.8612775e-05   1.6847970e-04   1.0958129e-03   9.3896022e-03   2.2545119e-04
   5.6400000e+00   7.5665400e-05   2.7313497e-05   1.7409261e-04   1.0313230e-03   9.0979698e-03   1.7330072e-04
   5.7600000e+00   8.8358544e-05   2.6014443e-05   1.7915983e-04   9.6352600e-04   8.7987989e-03   1.1835726e-04
   5.8800000e+00   1.0218553e-04   2.4720736e-05   1.8364205e-04   8.9244996e-04   8.4929368e-03   6.0597959e-05
   6.0000000e+00   1.1718750e-04   2.3437500e-05   1.8750000e-04   8.1812310e-04   8.1812308e-03   0.0000000e+00
   6.1200000e+00   1.3337946e-04   2.2169235e-05   1.9070704e-04   7.4067630e-04   7.8647282e-03  -6.3403894e-05
   6.2400000e+00   1.5067182e-04   2.0917946e-05   1.9328722e-04   6.6065137e-04   7.5452756e-03  -1.2935878e-04
   6.3600000e+00   1.6894886e-04   1.9685015e-05   1.9527725e-04   5.7869285e-04   7.2249194e-03  -1.9755416e-04
   6.4800000e+00   1.8809486e-04   1.8471821e-05   1.9671385e-04   4.9544526e-04   6.9057062e-03  -2.6767952e-04
   6.6000000e+00   2.0799408e-04   1.7279746e-05   1.9763374e-04   4.1155314e-04   6.5896824e-03  -3.3942439e-04
   6.7200000e+00   2.2853080e-04   1.6110171e-05   1.9807363e-04   3.2766102e-04   6.2788947e-03  -4.1247824e-04
   6.8400000e+00   2.4958929e-04   1.4964477e-05   1.9807023e-04   2.4441343e-04   5.9753895e-03  -4.8653059e-04
   6.9600000e+00   2.7105383e-04   1.3844045e-05   1.9766027e-04   1.6245490e-04   5.6812132e-03  -5.6127093e-04
   7.0800000e+00   2.9280870e-04   1.2750256e-05   1.9688045e-04   8.2429975e-05   5.3984125e-03  -6.3638877e-04
   7.2000000e+00   3.1473815e-04   1.1684492e-05   1.9576749e-04   4.9831752e-06   5.1290337e-03  -7.1157361e-04
   7.3200000e+00   3.3672648e-04   1.0648132e-05   1.9435810e-04  -6.9240964e-05   4.8751235e-03  -7.8651494e-04
   7.4400000e+00   3.5865795e-04   9.6425583e-06   1.9268900e-04  -1.3959791e-04   4.6387283e-03  -8.6090228e-04
   7.5600000e+00   3.8041683e-04   8.6691519e-06   1.9079691e-04  -2.0544313e-04   4.4218946e-03  -9.3442510e-04
   7.6800000e+00   4.0188740e-04   7.7292936e-06   1.8871854e-04  -2.6613210e-04   4.2266689e-03  -1.0067729e-03
   7.8000000e+00   4.2295394e-04   6.8243644e-06   1.8649061e-04  -3.2102027e-04   4.0550977e-03  -1.0776353e-03
   7.9200000e+00   4.4350072e-04   5.9557454e-06   1.8414982e-04  -3.6946313e-04   3.9092275e-03  -1.1467016e-03
   8.0400000e+00   4.6341200e-04   5.1248176e-06   1.8173290e-04  -4.1081613e-04   3.7911049e-03  -1.2136614e-03
   8.1600000e+00   4.8257207e-04   4.3329620e-06   1.7927657e-04  -4.4443474e-04   3.7027763e-03  -1.2782042e-03
   8.2800000e+00   5.0086519e-04   3.5815597e-06   1.7681752e-04  -4.6967444e-04   3.6462883e-03  -1.3400196e-03
   8.4000000e+00   5.1817565e-04   2.8719915e-06   1.7439249e-04  -4.8589069e-04   3.6236873e-03  -1.3987969e-03
   8.5200000e+00   5.3438772e-04   2.2056386e-06   1.7203818e-04  -4.9243895e-04   3.6370198e-03  -1.4542258e-03
   8.6400000e+00   5.4938566e-04   1.5838820e-06   1.6979131e-04  -4.8867470e-04   3.6883324e-03  -1.5059956e-03
   8.7600000e+00   5.6305376e-04   1.0081027e-06   1.6768860e-04  -4.7395341e-04   3.7796716e-03  -1.5537960e-03
   8.8800000e+00   5.7527628e-04   4.7968169e-07   1.6576676e-04  -4.4763053e-04   3.9130837e-03  -1.5973163e-03
   9.0000000e+00   5.8593750e-04   0.0000000e+00   1.6406250e-04  -4.0906155e-04   4.0906155e-03  -1.6362462e-03
   9.1200000e+00   5.9495315e-04  -4.3006617e-07   1.6260537e-04  -3.5790811e-04   4.3134811e-03  -1.6703664e-03
   9.2400000e+00   6.0236479e-04  -8.1165986e-07   1.6139623e-04  -2.9505661e-04   4.5795663e-03  -1.6998230e-03
   9.3600000e+00   6.0824542e-04  -1.1464289e-06   1.6042875e-04  -2.2169964e-04   4.8859246e-03  -1.7248534e-03
   9.4800000e+00   6.1266805e-04  -1.4360213e-06   1.5969662e-04  -1.3902978e-04   5.2296093e-03  -1.7456952e-03
   9.6000000e+00   6.1570570e-04  -1.6820847e-06   1.5919352e-04  -4.8239619e-05   5.6076741e-03  -1.7625856e-03
   9.7200000e+00   6.1743137e-04  -1.8862672e-06   1.5891314e-04   4.9478259e-05   6.0171724e-03  -1.7757621e-03
   9.8400000e+00   6.1791807e-04  -2.0502165e-06   1.5884916e-04   1.5293127e-04   6.4551576e-03  -1.7854622e-03
   9.9600000e+00   6.1723881e-04  -2.1755805e-06   1.5899525e-04   2.6092683e-04   6.9186834e-03  -1.7919232e-03
   1.0080000e+01   6.1546661e-04  -2.2640070e-06   1.5934511e-04   3.7227235e-04   7.4048030e-03  -1.7953826e-03
   1.0200000e+01   6.1267447e-04  -2.3171441e-06   1.5989242e-04   4.8577525e-04   7.9105702e-03  -1.7960778e-03
   1.0320000e+01   6.0893540e-04  -2.3366394e-06   1.6063086e-04   6.0024294e-04   8.4330382e-03  -1.7942461e-03
   1.0440000e+01   6.0432241e-04  -2.3241409e-06   1.6155410e-04   7.1448284e-04   8.9692607e-03  -1.7901252e-03
   1.0560000e+01   5.9890852e-04  -2.2812964e-06   1.6265585e-04   8.2730236e-04   9.5162911e-03  -1.7839522e-03
   1.0680000e+01   5.9276672e-04  -2.2097538e-06   1.6392977e-04   9.3750891e-04   1.0071183e-02  -1.7759648e-03
   1.0800000e+01   5.8597004e-04  -2.1111610e-06   1.6536956e-04   1.0439099e-03   1.0630990e-02  -1.7664002e-03
   1.0920000e+01   5.7859148e-04  -1.9871658e-06   1.6696888e-04   1.1453128e-03   1.1192765e-02  -1.7554959e-03
   1.1040000e+01   5.7070405e-04  -1.8394161e-06   1.6872144e-04   1.2405250e-03   1.1753562e-02  -1.7434894e-03
   1.1160000e+01   5.6238076e-04  -1.6695598e-06   1.7062090e-04   1.3283538e-03   1.2310434e-02  -1.7306181e-03
   1.1280000e+01   5.5369462e-04  -1.4792447e-06   1.7266096e-04   1.4076068e-03   1.2860435e-02  -1.7171193e-03
   1.1400000e+01   5.4471864e-04  -1.2701186e-06   1.7483529e-04   1.4770913e-03   1.3400618e-02  -1.7032305e-03
   1.1520000e+01   5.3552583e-04  -1.0438295e-06   1.7713759e-04   1.5356147e-03   1.3928037e-02  -1.6891891e-03
   1.1640000e+01   5.2618921e-04  -8.0202528e-07   1.7956152e-04   1.5819845e-03   1.4439746e-02  -1.6752326e-03
   1.1760000e+01   5.1678177e-04  -5.4635369e-07   1.8210078e-04   1.6150081e-03   1.4932797e-02  -1.6615983e-03
   1.1880000e+01   5.0737653e-04  -2.7846264e-07   1.8474904e-04   1.6334928e-03   1.5404245e-02  -1.6485237e-03
   1.2000000e+01   4.9804650e-04   0.0000000e+00   1.8750000e-04   1.6362462e-03   1.5851142e-02  -1.6362462e-03
   1.2120000e+01   4.8887001e-04   2.8702942e-07   1.9035097e-04   1.6225169e-03   1.6270890e-02  -1.6249880e-03
   1.2240000e+01   4.7994668e-04   5.7919301e-07   1.9331387e-04   1.5933191e-03   1.6662277e-02  -1.6149105e-03
   1.2360000e+01   4.7138144e-04   8.7270120e-07   1.9640426e-04   1.5501082e-03   1.7024442e-02  -1.6061600e-03
   1.2480000e+01   4.6327924e-04   1.1637645e-06   1.9963767e-04   1.4943396e-03   1.7356519e-02  -1.5988827e-03
   1.2600000e+01   4.5574500e-04   1.4485932e-06   2.0302967e-04   1.4274690e-03   1.7657646e-02  -1.5932247e-03
   1.2720000e+01   4.4888367e-04   1.7233979e-06   2.0659581e-04   1.3509516e-03   1.7926960e-02  -1.5893323e-03
   1.2840000e+01   4.4280019e-04   1.9843889e-06   2.1035164e-04   1.2662429e-03   1.8163597e-02  -1.5873518e-03
   1.2960000e+01   4.3759948e-04   2.2277768e-06   2.1431272e-04   1.1747985e-03   1.8366695e-02  -1.5874293e-03
   1.3080000e+01   4.3338650e-04   2.4497719e-06   2.1849460e-04   1.0780737e-03   1.8535388e-02  -1.5897110e-03
   1.3200000e+01   4.3026617e-04   2.6465847e-06   2.2291284e-04   9.7752396e-04   1.8668815e-02  -1.5943432e-03
   1.3320000e+01   4.2834344e-04   2.8144256e-06   2.2758298e-04   8.7460482e-04   1.8766112e-02  -1.6014720e-03
   1.3440000e+01   4.2772323e-04   2.9495051e-06   2.3252058e-04   7.7077169e-04   1.8826415e-02  -1.6112438e-03
   1.3560000e+01   4.2851050e-04   3.0480337e-06   2.3774119e-04   6.6748004e-04   1.8848862e-02  -1.6238046e-03
   1.3680000e+01   4.3081017e-04   3.1062217e-06   2.4326037e-04   5.6618530e-04   1.8832589e-02  -1.6393008e-03
   1.3800000e+01   4.3472719e-04   3.1202796e-06   2.4909367e-04   4.6834294e-04   1.8776732e-02  -1.6578785e-03
   1.3920000e+01   4.4036649e-04   3.0864178e-06   2.5525664e-04   3.7540841e-04   1.8680428e-02  -1.6796840e-03
   1.4040000e+01   4.4783300e-04   3.0008468e-06   2.6176484e-04   2.8883717e-04   1.8542814e-02  -1.7048634e-03
   1.4160000e+01   4.5723167e-04   2.8597771e-06   2.6863382e-04   2.1008467e-04   1.8363027e-02  -1.7335630e-03
   1.4280000e+01   4.6866744e-04   2.6594190e-06   2.7587914e-04   1.4060635e-04   1.8140203e-02  -1.7659291e-03
   1.4400000e+01   4.8224524e-04   2.3959830e-06   2.8351634e-04   8.1857692e-05   1.7873480e-02  -1.8021077e-03
   1.4520000e+01   4.9807000e-04   2.0656795e-06   2.9156097e-04   3.5294132e-05   1.7561992e-02  -1.8422452e-03
   1.4640000e+01   5.1624667e-04   1.6647191e-06   3.0002861e-04   2.3711286e-06   1.7204878e-02  -1.8864877e-03
   1.4760000e+01   5.3688019e-04   1.1893120e-06   3.0893479e-04  -1.5455864e-05   1.6801274e-02  -1.9349815e-03
   1.4880000e+01   5.6007549e-04   6.3566886e-07   3.1829507e-04  -1.6731392e-05   1.6350316e-02  -1.9878728e-03
   1.5000000e+01   5.8593750e-04   0.0000000e+00   3.2812500e-04   0.0000000e+00   1.5851142e-02  -2.0453077e-03
   1.5120000e+01   6.1450718e-04  -7.2105151e-07   3.3842973e-04   3.5703250e-05   1.5303836e-02  -2.1073301e-03
   1.5240000e+01   6.4556950e-04  -1.5291122e-06   3.4917277e-04   8.9381234e-05   1.4712280e-02  -2.1735735e-03
   1.5360000e+01   6.7884546e-04  -2.4253759e-06   3.6030723e-04   1.5954631e-04   1.4081301e-02  -2.2435691e-03
   1.5480000e+01   7.1405605e-04  -3.4110365e-06   3.7178620e-04   2.4471085e-04   1.3415729e-02  -2.3168481e-03
   1.5600000e+01   7.5092225e-04  -4.4872880e-06   3.8356280e-04   3.4338720e-04   1.2720394e-02  -2.3929415e-03
   1.5720000e+01   7.8916506e-04  -5.6553243e-06   3.9559012e-04   4.5408772e-04   1.2000123e-02  -2.4713806e-03
   1.5840000e+01   8.2850546e-04  -6.9163392e-06   4.0782127e-04   5.7532479e-04   1.1259747e-02  -2.5516965e-03
   1.5960000e+01   8.6866445e-04  -8.2715266e-06   4.2020935e-04   7.0561075e-04   1.0504094e-02  -2.6334203e-03
   1.6080000e+01   9.0936301e-04  -9.7220805e-06   4.3270747e-04   8.4345797e-04   9.7379937e-03  -2.7160832e-03
   1.6200000e+01   9.5032214e-04  -1.1269195e-05   4.4526873e-04   9.8737881e-04   8.9662745e-03  -2.7992163e-03
   1.6320000e+01   9.9126282e-04  -1.2914063e-05   4.5784624e-04   1.1358856e-03   8.1937656e-03  -2.8823508e-03
   1.6440000e+01   1.0319060e-03  -1.4657880e-05   4.7039309e-04   1.2874908e-03   7.4252962e-03  -2.9650178e-03
   1.6560000e+01   1.0719728e-03  -1.6501838e-05   4.8286239e-04   1.4407066e-03   6.6656953e-03  -3.0467484e-03
   1.6680000e+01   1.1111841e-03  -1.8447133e-05   4.9520725e-04   1.5940456e-03   5.9197919e-03  -3.1270738e-03
   1.6800000e+01   1.1492609e-03  -2.0494957e-05   5.0738077e-04   1.7460199e-03   5.1924151e-03  -3.2055252e-03
   1.6920000e+01   1.1859242e-03  -2.2646505e-05   5.1933604e-04   1.8951420e-03   4.4883940e-03  -3.2816337e-03
   1.7040000e+01   1.2208950e-03  -2.4902971e-05   5.3102619e-04   2.0399243e-03   3.8125575e-03  -3.3549304e-03
   1.7160000e+01   1.2538943e-03  -2.7265549e-05   5.4240431e-04   2.1788790e-03   3.1697348e-03  -3.4249465e-03
   1.7280000e+01   1.2846430e-03  -2.9735431e-05   5.5342350e-04   2.3105187e-03   2.5647548e-03  -3.4912131e-03
   1.7400000e+01   1.3128623e-03  -3.2313813e-05   5.6403687e-04   2.4333555e-03   2.0024467e-03  -3.5532614e-03
   1.7520000e+01   1.3382730e-03  -3.5001889e-05   5.7419751e-04   2.5459020e-03   1.4876394e-03  -3.6106225e-03
   1.7640000e+01   1.3605961e-03  -3.7800851e-05   5.8385855e-04   2.6466704e-03   1.0251620e-03  -3.6628276e-03
   1.7760000e+01   1.3795526e-03  -4.0711894e-05   5.9297307e-04   2.7341730e-03   6.1984367e-04  -3.7094078e-03
   1.7880000e+01   1.3948636e-03  -4.3736213e-05   6.0149419e-04   2.8069224e-03   2.7651330e-04  -3.7498943e-03
   1.8000000e+01   1.4062500e-03  -4.6875000e-05   6.0937500e-04   2.8634308e-03   0.0000000e+00  -3.7838181e-03
   1.8120000e+01   1.4135203e-03  -5.0124823e-05   6.1658110e-04   2.9026645e-03  -2.0619497e-04  -3.8108805e-03
   1.8240000e+01   1.4168331e-03  -5.3463744e-05   6.2312803e-04   2.9254052e-03  -3.4388141e-04  -3.8314625e-03
   1.8360000e+01   1.4164346e-03  -5.6865198e-05   6.2904383e-04   2.9328887e-03  -4.1619692e-04  -3.8461153e-03
   1.8480000e+01   1.4125707e-03  -6.0302618e-05   6.3435652e-04   2.9263508e-03  -4.2627908e-04  -3.8553900e-03
   1.8600000e+01   1.4054877e-03  -6.3749441e-05   6.3909413e-04   2.9070270e-03  -3.7726548e-04  -3.8598376e-03
   1.8720000e+01   1.3954316e-03  -6.7179101e-05   6.4328471e-04   2.8761531e-03  -2.7229371e-04  -3.8600093e-03
   1.8840000e+01   1.3826484e-03  -7.0565032e-05   6.4695628e-04   2.8349648e-03  -1.1450136e-04  -3.8564562e-03
   1.8960000e+01   1.3673845e-03  -7.3880670e-05   6.5013687e-04   2.7846978e-03   9.2973992e-05  -3.8497294e-03
   1.9080000e+01   1.3498857e-03  -7.7099450e-05   6.5285451e-04   2.7265878e-03   3.4699475e-04  -3.8403800e-03
   1.9200000e+01   1.3303983e-03  -8.0194806e-05   6.5513724e-04   2.6618705e-03   6.4442333e-04  -3.8289590e-03
   1.9320000e+01   1.3091683e-03  -8.3140173e-05   6.5701308e-04   2.5917815e-03   9.8212214e-04  -3.8160177e-03
   1.9440000e+01   1.2864419e-03  -8.5908986e-05   6.5851008e-04   2.5175567e-03   1.3569536e-03  -3.8021071e-03
   1.9560000e+01   1.2624650e-03  -8.8474680e-05   6.5965625e-04   2.4404317e-03   1.7657801e-03  -3.7877784e-03
   1.9680000e+01   1.2374840e-03  -9.0810690e-05   6.6047964e-04   2.3616421e-03   2.2054641e-03  -3.7735825e-03
   1.9800000e+01   1.2117447e-03  -9.2890450e-05   6.6100827e-04   2.2824238e-03   2.6728680e-03  -3.7600707e-03
   1.9920000e+01   1.1854935e-03  -9.4687396e-05   6.6127018e-04   2.2040123e-03   3.1648541e-03  -3.7477941e-03
   2.0040000e+01   1.1589762e-03  -9.6174962e-05   6.6129339e-04   2.1276435e-03   3.6782850e-03  -3.7373037e-03
   2.0160000e+01   1.1324391e-03  -9.7326583e-05   6.6110595e-04   2.0545529e-03   4.2100230e-03  -3.7291506e-03
   2.0280000e+01   1.1061283e-03  -9.8115694e-05   6.6073587e-04   1.9859764e-03   4.7569305e-03  -3.7238860e-03
   2.0400000e+01   1.0802899e-03  -9.8515730e-05   6.6021120e-04   1.9231495e-03   5.3158700e-03  -3.7220610e-03
   2.0520000e+01   1.0551698e-03  -9.8500125e-05   6.5955997e-04   1.8673081e-03   5.8837038e-03  -3.7242266e-03
   2.0640000e+01   1.0310144e-03  -9.8042315e-05   6.5881020e-04   1.8196877e-03   6.4572944e-03  -3.7309341e-03
   2.0760000e+01   1.0080696e-03  -9.7115734e-05   6.5798992e-04   1.7815242e-03   7.0335041e-03  -3.7427344e-03
   2.0880000e+01   9.8658163e-04  -9.5693818e-05   6.5712718e-04   1.7540531e-03   7.6091955e-03  -3.7601787e-03
   2.1000000e+01   9.6679650e-04  -9.3750000e-05   6.5625000e-04   1.7385103e-03   8.1812308e-03  -3.7838181e-03
   2.1120000e+01   9.4890864e-04  -9.1270655e-05   6.5538137e-04   1.7357553e-03   8.7465808e-03  -3.8139993e-03
   2.1240000e+01   9.3290560e-04  -8.8293910e-05   6.5452410e-04   1.7451438e-03   9.3026482e-03  -3.8502515e-03
   2.1360000e+01   9.1872323e-04  -8.4870833e-05   6.5367597e-04   1.7656554e-03   9.8469443e-03  -3.8918992e-03
   2.1480000e+01   9.0629739e-04  -8.1052490e-05   6.5283473e-04   1.7962696e-03   1.0376980e-02  -3.9382674e-03
   2.1600000e+01   8.9556392e-04  -7.6889948e-05   6.5199817e-04   1.8359659e-03   1.0890267e-02  -3.9886806e-03
   2.1720000e+01   8.8645867e-04  -7.2434273e-05   6.5116406e-04   1.8837241e-03   1.1384316e-02  -4.0424636e-03
   2.1840000e+01   8.7891749e-04  -6.7736532e-05   6.5033015e-04   1.9385235e-03   1.1856638e-02  -4.0989411e-03
   2.1960000e+01   8.7287623e-04  -6.2847792e-05   6.4949423e-04   1.9993439e-03   1.2304744e-02  -4.1574378e-03
   2.2080000e+01   8.6827074e-04  -5.7819119e-05   6.4865407e-04   2.0651648e-03   1.2726146e-02  -4.2172785e-03
   2.2200000e+01   8.6503686e-04  -5.2701581e-05   6.4780742e-04   2.1349657e-03   1.3118355e-02  -4.2777878e-03
   2.2320000e+01   8.6311045e-04  -4.7546245e-05   6.4695207e-04   2.2077262e-03   1.3478881e-02  -4.3382906e-03
   2.2440000e+01   8.6242735e-04  -4.2404175e-05   6.4608578e-04   2.2824260e-03   1.3805236e-02  -4.3981114e-03
   2.2560000e+01   8.6292342e-04  -3.7326441e-05   6.4520632e-04   2.3580445e-03   1.4094930e-02  -4.4565750e-03
   2.2680000e+01   8.6453450e-04  -3.2364107e-05   6.4431146e-04   2.4335613e-03   1.4345476e-02  -4.5130061e-03
   2.2800000e+01   8.6719644e-04  -2.7568242e-05   6.4339898e-04   2.5079561e-03   1.4554384e-02  -4.5667295e-03
   2.2920000e+01   8.7084509e-04  -2.2989911e-05   6.4246664e-04   2.5802083e-03   1.4719166e-02  -4.6170698e-03
   2.3040000e+01   8.7541630e-04  -1.8680181e-05   6.4151221e-04   2.6492977e-03   1.4837332e-02  -4.6633518e-03
   2.3160000e+01   8.8084592e-04  -1.4690120e-05   6.4053346e-04   2.7142036e-03   1.4906393e-02  -4.7049002e-03
   2.3280000e+01   8.8706979e-04  -1.1070793e-05   6.3952817e-04   2.7739057e-03   1.4923861e-02  -4.7410398e-03
   2.3400000e+01   8.9402378e-04  -7.8732678e-06   6.3849409e-04   2.8273837e-03   1.4887247e-02  -4.7710951e-03
   2.3520000e+01   9.0164372e-04  -5.1486109e-06   6.3742901e-04   2.8736169e-03   1.4794062e-02  -4.7943910e-03
   2.3640000e+01   9.0986546e-04  -2.9478890e-06   6.3633069e-04   2.9115851e-03   1.4641817e-02  -4.8102521e-03
   2.3760000e+01   9.1862485e-04  -1.3221687e-06   6.3519690e-04   2.9402678e-03   1.4428023e-02  -4.8180033e-03
   2.3880000e+01   9.2785775e-04  -3.2251678e-07   6.3402542e-04   2.9586445e-03   1.4150192e-02  -4.8169691e-03
   2.4000000e+01   9.3750000e-04   0.0000000e+00   6.3281400e-04   2.9656949e-03   1.3805834e-02  -4.8064743e-03
   2.4120000e+01   9.4748302e-04  -3.8855698e-07   6.3156511e-04   2.9607091e-03   1.3393977e-02  -4.7860986e-03
   2.4240000e+01   9.5772048e-04  -1.4536141e-06   6.3029995e-04   2.9442197e-03   1.2919719e-02  -4.7564411e-03
   2.4360000e+01   9.6812165e-04  -3.1434695e-06   6.2904441e-04   2.9170701e-03   1.2389673e-02  -4.7183559e-03
   2.4480000e+01   9.7859577e-04  -5.4064217e-06   6.2782437e-04   2.8801033e-03   1.1810451e-02  -4.6726972e-03
   2.4600000e+01   9.8905210e-04  -8.1907688e-06   6.2666571e-04   2.8341628e-03   1.1188669e-02  -4.6203192e-03
   2.4720000e+01   9.9939988e-04  -1.1444809e-05   6.2559433e-04   2.7800917e-03   1.0530938e-02  -4.5620758e-03
   2.4840000e+01   1.0095484e-03  -1.5116841e-05   6.2463612e-04   2.7187333e-03   9.8438738e-03  -4.4988213e-03
   2.4960000e+01   1.0194068e-03  -1.9155163e-05   6.2381695e-04   2.6509308e-03   9.1340886e-03  -4.4314097e-03
   2.5080000e+01   1.0288844e-03  -2.3508072e-05   6.2316272e-04   2.5775275e-03   8.4081964e-03  -4.3606951e-03
   2.5200000e+01   1.0378905e-03  -2.8123868e-05   6.2269932e-04   2.4993666e-03   7.6728106e-03  -4.2875317e-03
   2.5320000e+01   1.0463344e-03  -3.2950849e-05   6.2245262e-04   2.4172913e-03   6.9345447e-03  -4.2127736e-03
   2.5440000e+01   1.0541251e-03  -3.7937312e-05   6.2244852e-04   2.3321449e-03   6.2000123e-03  -4.1372750e-03
   2.5560000e+01   1.0611721e-03  -4.3031557e-05   6.2271290e-04   2.2447707e-03   5.4758270e-03  -4.0618898e-03
   2.5680000e+01   1.0673846e-03  -4.8181881e-05   6.2327165e-04   2.1560119e-03   4.7686023e-03  -3.9874722e-03
   2.5800000e+01   1.0726717e-03  -5.3336583e-05   6.2415066e-04   2.0667117e-03   4.0849516e-03  -3.9148765e-03
   2.5920000e+01   1.0769428e-03  -5.8443961e-05   6.2537582e-04   1.9777134e-03   3.4314887e-03  -3.8449565e-03
   2.6040000e+01   1.0801071e-03  -6.3452314e-05   6.2697300e-04   1.8898602e-03   2.8148269e-03  -3.7785666e-03
   2.6160000e+01   1.0820739e-03  -6.8309938e-05   6.2896810e-04   1.8039954e-03   2.2415798e-03  -3.7165608e-03
   2.6280000e+01   1.0827524e-03  -7.2965134e-05   6.3138701e-04   1.7209622e-03   1.7183610e-03  -3.6597931e-03
   2.6400000e+01   1.0820519e-03  -7.7366199e-05   6.3425561e-04   1.6416039e-03   1.2517841e-03  -3.6091179e-03
   2.6520000e+01   1.0798816e-03  -8.1461431e-05   6.3759978e-04   1.5667637e-03   8.4846242e-04  -3.5653890e-03
   2.6640000e+01   1.0761507e-03  -8.5199129e-05   6.4144542e-04   1.4972848e-03   5.1500965e-04  -3.5294607e-03
   2.6760000e+01   1.0707686e-03  -8.8527591e-05   6.4581841e-04   1.4340105e-03   2.5803930e-04  -3.5021871e-03
   2.6880000e+01   1.0636444e-03  -9.1395115e-05   6.5074464e-04   1.3777841e-03   8.4164906e-05  -3.4844223e-03
   2.7000000e+01   1.0546875e-03  -9.3750000e-05   6.5625000e-04   1.3294487e-03   0.0000000e+00  -3.4770204e-03
   2.7120000e+01   1.0438390e-03  -9.5555617e-05   6.6234217e-04   1.2894918e-03   9.3196740e-06  -3.4805636e-03
   2.7240000e+01   1.0311678e-03  -9.6835633e-05   6.6895603e-04   1.2569769e-03   1.0454523e-04  -3.4945461e-03
   2.7360000e+01   1.0167749e-03  -9.7628789e-05   6.7600828e-04   1.2306118e-03   2.7525950e-04  -3.5181902e-03
   2.7480000e+01   1.0007612e-03  -9.7973823e-05   6.8341558e-04   1.2091043e-03   5.1104536e-04  -3.5507184e-03
   2.7600000e+01   9.8322749e-04  -9.7909477e-05   6.9109464e-04   1.1911620e-03   8.0148563e-04  -3.5913528e-03
   2.7720000e+01   9.6427478e-04  -9.7474491e-05   6.9896213e-04   1.1754928e-03   1.1361632e-03  -3.6393159e-03
   2.7840000e+01   9.4400392e-04  -9.6707605e-05   7.0693473e-04   1.1608043e-03   1.5046609e-03  -3.6938299e-03
   2.7960000e+01   9.2251582e-04  -9.5647558e-05   7.1492913e-04   1.1458043e-03   1.8965615e-03  -3.7541172e-03
   2.8080000e+01   8.9991138e-04  -9.4333092e-05   7.2286202e-04   1.1292005e-03   2.3014480e-03  -3.8194001e-03
   2.8200000e+01   8.7629148e-04  -9.2802946e-05   7.3065007e-04   1.1097006e-03   2.7089031e-03  -3.8889009e-03
   2.8320000e+01   8.5175704e-04  -9.1095860e-05   7.3820997e-04   1.0860125e-03   3.1085097e-03  -3.9618419e-03
   2.8440000e+01   8.2640895e-04  -8.9250575e-05   7.4545841e-04   1.0568438e-03   3.4898508e-03  -4.0374455e-03
   2.8560000e+01   8.0034810e-04  -8.7305831e-05   7.5231207e-04   1.0209022e-03   3.8425090e-03  -4.1149339e-03
   2.8680000e+01   7.7367539e-04  -8.5300367e-05   7.5868763e-04   9.7689555e-04   4.1560673e-03  -4.1935295e-03
   2.8800000e+01   7.4649173e-04  -8.3272925e-05   7.6450178e-04   9.2353153e-04   4.4201085e-03  -4.2724546e-03
   2.8920000e+01   7.1889801e-04  -8.1262244e-05   7.6967120e-04   8.5951789e-04   4.6242155e-03  -4.3509315e-03
   2.9040000e+01   6.9099512e-04  -7.9307065e-05   7.7411257e-04   7.8356236e-04   4.7579711e-03  -4.4281825e-03
   2.9160000e+01   6.6288398e-04  -7.7446127e-05   7.7774259e-04   6.9437268e-04   4.8109581e-03  -4.5034301e-03
   2.9280000e+01   6.3466546e-04  -7.5718171e-05   7.8047792e-04   5.9065658e-04   4.7727595e-03  -4.5758964e-03
   2.9400000e+01   6.0644048e-04  -7.4161936e-05   7.8223526e-04   4.7112180e-04   4.6329580e-03  -4.6448038e-03
   2.9520000e+01   5.7830993e-04  -7.2816164e-05   7.8293129e-04   3.3447607e-04   4.3811366e-03  -4.7093746e-03
   2.9640000e+01   5.5037471e-04  -7.1719594e-05   7.8248270e-04   1.7942714e-04   4.0068779e-03  -4.7688312e-03
   2.9760000e+01   5.2273572e-04  -7.0910967e-05   7.8080616e-04   4.6827333e-06   3.4997650e-03  -4.8223959e-03
   2.9880000e+01   4.9549385e-04  -7.0429022e-05   7.7781837e-04  -1.9104941e-04   2.8493807e-03  -4.8692909e-03
   3.0000000e+01   4.6875000e-04  -7.0312500e-05   7.7343600e-04  -4.0906155e-04   2.0453077e-03  -4.9087386e-03
   3.0120000e+01   4.4258862e-04  -7.0588474e-05   7.6759848e-04  -6.5019394e-04   1.0810426e-03  -4.9401987e-03
   3.0240000e+01   4.1702831e-04  -7.1237353e-05   7.6033620e-04  -9.1347875e-04  -3.4264423e-05  -4.9640804e-03
   3.0360000e+01   3.9207124e-04  -7.2227876e-05   7.5170229e-04  -1.1974962e-03  -1.2875493e-03  -4.9810301e-03
   3.0480000e+01   3.6771956e-04  -7.3528785e-05   7.4174988e-04  -1.5008263e-03  -2.6657482e-03  -4.9916945e-03
   3.0600000e+01   3.4397543e-04  -7.5108822e-05   7.3053209e-04  -1.8220494e-03  -4.1557970e-03  -4.9967201e-03
   3.0720000e+01   3.2084101e-04  -7.6936727e-05   7.1810205e-04  -2.1597456e-03  -5.7446320e-03  -4.9967533e-03
   3.0840000e+01   2.9831844e-04  -7.8981241e-05   7.0451290e-04  -2.5124950e-03  -7.4191892e-03  -4.9924408e-03
   3.0960000e+01   2.7640990e-04  -8.1211105e-05   6.8981776e-04  -2.8788778e-03  -9.1664046e-03  -4.9844290e-03
   3.1080000e+01   2.5511754e-04  -8.3595061e-05   6.7406976e-04  -3.2574742e-03  -1.0973214e-02  -4.9733646e-03
   3.1200000e+01   2.3444351e-04  -8.6101849e-05   6.5732202e-04  -3.6468644e-03  -1.2826554e-02  -4.9598940e-03
   3.1320000e+01   2.1438997e-04  -8.8700211e-05   6.3962769e-04  -4.0456284e-03  -1.4713361e-02  -4.9446637e-03
   3.1440000e+01   1.9495908e-04  -9.1358888e-05   6.2103988e-04  -4.4523465e-03  -1.6620570e-02  -4.9283204e-03
   3.1560000e+01   1.7615300e-04  -9.4046620e-05   6.0161173e-04  -4.8655989e-03  -1.8535118e-02  -4.9115104e-03
   3.1680000e+01   1.5797388e-04  -9.6732149e-05   5.8139637e-04  -5.2839656e-03  -2.0443940e-02  -4.8948805e-03
   3.1800000e+01   1.4042388e-04  -9.9384216e-05   5.6044692e-04  -5.7060269e-03  -2.2333974e-02  -4.8790771e-03
   3.1920000e+01   1.2350515e-04  -1.0197156e-04   5.3881651e-04  -6.1303629e-03  -2.4192154e-02  -4.8647467e-03
   3.2040000e+01   1.0721986e-04  -1.0446293e-04   5.1655827e-04  -6.5555539e-03  -2.6005416e-02  -4.8525359e-03
   3.2160000e+01   9.1570161e-05  -1.0682705e-04   4.9372533e-04  -6.9801798e-03  -2.7760698e-02  -4.8430912e-03
   3.2280000e+01   7.6558209e-05  -1.0903268e-04   4.7037083e-04  -7.4028210e-03  -2.9444935e-02  -4.8370592e-03
   3.2400000e+01   6.2186162e-05  -1.1104856e-04   4.4654787e-04  -7.8220576e-03  -3.1045063e-02  -4.8350864e-03
   3.2520000e+01   4.8456177e-05  -1.1284341e-04   4.2230961e-04  -8.2364697e-03  -3.2548018e-02  -4.8378192e-03
   3.2640000e+01   3.5370411e-05  -1.1438599e-04   3.9770916e-04  -8.6446375e-03  -3.3940737e-02  -4.8459044e-03
   3.2760000e+01   2.2931022e-05  -1.1564504e-04   3.7279966e-04  -9.0451412e-03  -3.5210155e-02  -4.8599883e-03
   3.2880000e+01   1.1140166e-05  -1.1658930e-04   3.4763423e-04  -9.4365610e-03  -3.6343208e-02  -4.8807175e-03
   3.3000000e+01   0.0000000e+00  -1.1718750e-04   3.2226600e-04  -9.8174769e-03  -3.7326832e-02  -4.9087386e-03
   3.3120000e+01  -1.0483432e-05  -1.1741936e-04   2.9675034e-04  -1.0186737e-02  -3.8151617e-02  -4.9445900e-03
   3.3240000e+01  -2.0288543e-05  -1.1730846e-04   2.7115156e-04  -1.0544258e-02  -3.8822762e-02  -4.9883777e-03
   3.3360000e+01  -2.9389859e-05  -1.1688933e-04   2.4553620e-04  -1.0890226e-02  -3.9349117e-02  -5.0400998e-03
   3.3480000e+01  -3.7761907e-05  -1.1619654e-04   2.1997083e-04  -1.1224826e-02  -3.9739536e-02  -5.0997541e-03
   3.3600000e+01  -4.5379213e-05  -1.1526461e-04   1.9452198e-04  -1.1548244e-02  -4.0002870e-02  -5.1673387e-03
   3.3720000e+01  -5.2216302e-05  -1.1412810e-04   1.6925620e-04  -1.1860664e-02  -4.0147971e-02  -5.2428514e-03
   3.3840000e+01  -5.8247703e-05  -1.1282156e-04   1.4424004e-04  -1.2162271e-02  -4.0183691e-02  -5.3262903e-03
   3.3960000e+01  -6.3447940e-05  -1.1137952e-04   1.1954006e-04  -1.2453251e-02  -4.0118881e-02  -5.4176532e-03
   3.4080000e+01  -6.7791540e-05  -1.0983654e-04   9.5222793e-05  -1.2733789e-02  -3.9962394e-02  -5.5169382e-03
   3.4200000e+01  -7.1253029e-05  -1.0822715e-04   7.1354795e-05  -1.3004071e-02  -3.9723082e-02  -5.6241433e-03
   3.4320000e+01  -7.3806934e-05  -1.0658591e-04   4.8002615e-05  -1.3264281e-02  -3.9409796e-02  -5.7392662e-03
   3.4440000e+01  -7.5427781e-05  -1.0494737e-04   2.5232799e-05  -1.3514605e-02  -3.9031389e-02  -5.8623052e-03
   3.4560000e+01  -7.6090097e-05  -1.0334605e-04   3.1118963e-06  -1.3755227e-02  -3.8596712e-02  -5.9932580e-03
   3.4680000e+01  -7.5768407e-05  -1.0181652e-04  -1.8293544e-05  -1.3986334e-02  -3.8114616e-02  -6.1321226e-03
   3.4800000e+01  -7.4437239e-05  -1.0039332e-04  -3.8916973e-05  -1.4208110e-02  -3.7593955e-02  -6.2788971e-03
   3.4920000e+01  -7.2071118e-05  -9.9110988e-05  -5.8691844e-05  -1.4420740e-02  -3.7043580e-02  -6.4335792e-03
   3.5040000e+01  -6.8644570e-05  -9.8004076e-05  -7.7551606e-05  -1.4624410e-02  -3.6472343e-02  -6.5961672e-03
   3.5160000e+01  -6.4132122e-05  -9.7107128e-05  -9.5429712e-05  -1.4819305e-02  -3.5889095e-02  -6.7666587e-03
   3.5280000e+01  -5.8508301e-05  -9.6454688e-05  -1.1225961e-04  -1.5005611e-02  -3.5302689e-02  -6.9450519e-03
   3.5400000e+01  -5.1747632e-05  -9.6081304e-05  -1.2797476e-04  -1.5183511e-02  -3.4721976e-02  -7.1313447e-03
   3.5520000e+01  -4.3824643e-05  -9.6021520e-05  -1.4250861e-04  -1.5353192e-02  -3.4155808e-02  -7.3255351e-03
   3.5640000e+01  -3.4713858e-05  -9.6309882e-05  -1.5579460e-04  -1.5514839e-02  -3.3613038e-02  -7.5276209e-03
   3.5760000e+01  -2.4389806e-05  -9.6980936e-05  -1.6776620e-04  -1.5668637e-02  -3.3102517e-02  -7.7376002e-03
   3.5880000e+01  -1.2827011e-05  -9.8069227e-05  -1.7835685e-04  -1.5814771e-02  -3.2633097e-02  -7.9554709e-03
   3.6000000e+01   0.0000000e+00  -9.9609300e-05  -1.8750000e-04  -1.5953426e-02  -3.2213630e-02  -8.1812310e-03
   3.6120000e+01   1.4087612e-05  -1.0162900e-04  -1.9515704e-04  -1.6084923e-02  -3.1850975e-02  -8.4147724e-03
   3.6240000e+01   2.9315863e-05  -1.0412935e-04  -2.0140112e-04  -1.6210119e-02  -3.1544023e-02  -8.6555627e-03
   3.6360000e+01   4.5535699e-05  -1.0710469e-04  -2.0633329e-04  -1.6330009e-02  -3.1289674e-02  -8.9029636e-03
   3.6480000e+01   6.2598069e-05  -1.1054933e-04  -2.1005463e-04  -1.6445584e-02  -3.1084825e-02  -9.1563368e-03
   3.6600000e+01   8.0353921e-05  -1.1445761e-04  -2.1266622e-04  -1.6557838e-02  -3.0926375e-02  -9.4150438e-03
   3.6720000e+01   9.8654204e-05  -1.1882385e-04  -2.1426912e-04  -1.6667765e-02  -3.0811222e-02  -9.6784463e-03
   3.6840000e+01   1.1734987e-04  -1.2364238e-04  -2.1496441e-04  -1.6776357e-02  -3.0736266e-02  -9.9459060e-03
   3.6960000e+01   1.3629185e-04  -1.2890753e-04  -2.1485315e-04  -1.6884607e-02  -3.0698404e-02  -1.0216784e-02
   3.7080000e+01   1.5533112e-04  -1.3461362e-04  -2.1403643e-04  -1.6993509e-02  -3.0694536e-02  -1.0490443e-02
   3.7200000e+01   1.7431860e-04  -1.4075498e-04  -2.1261532e-04  -1.7104056e-02  -3.0721559e-02  -1.0766244e-02
   3.7320000e+01   1.9310526e-04  -1.4732594e-04  -2.1069088e-04  -1.7217241e-02  -3.0776372e-02  -1.1043549e-02
   3.7440000e+01   2.1154204e-04  -1.5432082e-04  -2.0836418e-04  -1.7334057e-02  -3.0855874e-02  -1.1321719e-02
   3.7560000e+01   2.2947989e-04  -1.6173395e-04  -2.0573631e-04  -1.7455496e-02  -3.0956964e-02  -1.1600116e-02
   3.7680000e+01   2.4676975e-04  -1.6955965e-04  -2.0290833e-04  -1.7582553e-02  -3.1076539e-02  -1.1878101e-02
   3.7800000e+01   2.6326258e-04  -1.7779227e-04  -1.9998131e-04  -1.7716221e-02  -3.1211499e-02  -1.2155037e-02
   3.7920000e+01   2.7880932e-04  -1.8642611e-04  -1.9705633e-04  -1.7857492e-02  -3.1358742e-02  -1.2430284e-02
   3.8040000e+01   2.9326092e-04  -1.9545551e-04  -1.9423446e-04  -1.8007359e-02  -3.1515166e-02  -1.2703205e-02
   3.8160000e+01   3.0646833e-04  -2.0487479e-04  -1.9161676e-04  -1.8166817e-02  -3.1677671e-02  -1.2973161e-02
   3.8280000e+01   3.1828250e-04  -2.1467829e-04  -1.8930432e-04  -1.8336857e-02  -3.1843154e-02  -1.3239514e-02
   3.8400000e+01   3.2855437e-04  -2.2486032e-04  -1.8739820e-04  -1.8518473e-02  -3.2008515e-02  -1.3501626e-02
   3.8520000e+01   3.3713489e-04  -2.3541522e-04  -1.8599948e-04  -1.8712659e-02  -3.2170651e-02  -1.3758857e-02
   3.8640000e+01   3.4387502e-04  -2.4633731e-04  -1.8520923e-04  -1.8920406e-02  -3.2326461e-02  -1.4010570e-02
   3.8760000e+01   3.4862570e-04  -2.5762092e-04  -1.8512852e-04  -1.9142709e-02  -3.2472845e-02  -1.4256126e-02
   3.8880000e+01   3.5123788e-04  -2.6926037e-04  -1.8585842e-04  -1.9380561e-02  -3.2606699e-02  -1.4494888e-02
   3.9000000e+01   3.5156250e-04  -2.8125000e-04  -1.8750000e-04  -1.9634954e-02  -3.2724924e-02  -1.4726216e-02
   3.9120000e+01   3.4950298e-04  -2.9358872e-04  -1.9012733e-04  -1.9906626e-02  -3.2824643e-02  -1.4949690e-02
   3.9240000e+01   3.4517259e-04  -3.0629384e-04  -1.9370643e-04  -2.0195287e-02  -3.2903883e-02  -1.5165763e-02
   3.9360000e+01   3.3873706e-04  -3.1938725e-04  -1.9817630e-04  -2.0500394e-02  -3.2960896e-02  -1.5375105e-02
   3.9480000e+01   3.3036213e-04  -3.3289085e-04  -2.0347596e-04  -2.0821401e-02  -3.2993936e-02  -1.5578387e-02
   3.9600000e+01   3.2021353e-04  -3.4682654e-04  -2.0954441e-04  -2.1157763e-02  -3.3001254e-02  -1.5776280e-02
   3.9720000e+01   3.0845699e-04  -3.6121621e-04  -2.1632067e-04  -2.1508936e-02  -3.2981103e-02  -1.5969453e-02
   3.9840000e+01   2.9525824e-04  -3.7608177e-04  -2.2374375e-04  -2.1874374e-02  -3.2931736e-02  -1.6158578e-02
   3.9960000e+01   2.8078302e-04  -3.9144510e-04  -2.3175265e-04  -2.2253534e-02  -3.2851405e-02  -1.6344325e-02
   4.0080000e+01   2.6519707e-04  -4.0732810e-04  -2.4028639e-04  -2.2645869e-02  -3.2738363e-02  -1.6527364e-02
   4.0200000e+01   2.4866611e-04  -4.2375268e-04  -2.4928397e-04  -2.3050835e-02  -3.2590862e-02  -1.6708367e-02
   4.0320000e+01   2.3135588e-04  -4.4074073e-04  -2.5868441e-04  -2.3467887e-02  -3.2407154e-02  -1.6888003e-02
   4.0440000e+01   2.1343211e-04  -4.5831415e-04  -2.6842672e-04  -2.3896481e-02  -3.2185493e-02  -1.7066944e-02
   4.0560000e+01   1.9506054e-04  -4.7649483e-04  -2.7844990e-04  -2.4336071e-02  -3.1924131e-02  -1.7245859e-02
   4.0680000e+01   1.7640690e-04  -4.9530466e-04  -2.8869297e-04  -2.4786113e-02  -3.1621320e-02  -1.7425420e-02
   4.0800000e+01   1.5763693e-04  -5.1476556e-04  -2.9909493e-04  -2.5246062e-02  -3.1275314e-02  -1.7606297e-02
   4.0920000e+01   1.3891635e-04  -5.3489941e-04  -3.0959480e-04  -2.5715373e-02  -3.0884363e-02  -1.7789159e-02
   4.1040000e+01   1.2041090e-04  -5.5572811e-04  -3.2013158e-04  -2.6193500e-02  -3.0446721e-02  -1.7974679e-02
   4.1160000e+01   1.0228631e-04  -5.7727356e-04  -3.3064429e-04  -2.6679900e-02  -2.9960641e-02  -1.8163527e-02
   4.1280000e+01   8.4708321e-05  -5.9955765e-04  -3.4107193e-04  -2.7174028e-02  -2.9424375e-02  -1.8356372e-02
   4.1400000e+01   6.7842662e-05  -6.2260229e-04  -3.5135352e-04  -2.7675338e-02  -2.8836175e-02  -1.8553886e-02
   4.1520000e+01   5.1855068e-05  -6.4642937e-04  -3.6142807e-04  -2.8183285e-02  -2.8194295e-02  -1.8756739e-02
   4.1640000e+01   3.6911271e-05  -6.7106078e-04  -3.7123458e-04  -2.8697326e-02  -2.7496986e-02  -1.8965602e-02
   4.1760000e+01   2.3177005e-05  -6.9651842e-04  -3.8071206e-04  -2.9216914e-02  -2.6742501e-02  -1.9181145e-02
   4.1880000e+01   1.0818004e-05  -7.2282420e-04  -3.8979953e-04  -2.9741505e-02  -2.5929092e-02  -1.9404039e-02
   4.2000000e+01   0.0000000e+00  -7.5000000e-04  -3.9843600e-04  -3.0270555e-02  -2.5055013e-02  -1.9634954e-02
   4.2120000e+01  -9.1570414e-06  -7.7804405e-04  -4.0655995e-04  -3.0803231e-02  -2.4119899e-02  -1.9874318e-02
   4.2240000e+01  -1.6716234e-05  -8.0685986e-04  -4.1410780e-04  -3.1337550e-02  -2.3128925e-02  -2.0121587e-02
   4.2360000e+01  -2.2786458e-05  -8.3632726e-04  -4.2101543e-04  -3.1871244e-02  -2.2088646e-02  -2.0375973e-02
   4.2480000e+01  -2.7476598e-05  -8.6632610e-04  -4.2721873e-04  -3.2402043e-02  -2.1005619e-02  -2.0636690e-02
   4.2600000e+01  -3.0895535e-05  -8.9673619e-04  -4.3265360e-04  -3.2927678e-02  -1.9886403e-02  -2.0902949e-02
   4.2720000e+01  -3.3152150e-05  -9.2743739e-04  -4.3725592e-04  -3.3445878e-02  -1.8737554e-02  -2.1173965e-02
   4.2840000e+01  -3.4355327e-05  -9.5830953e-04  -4.4096159e-04  -3.3954376e-02  -1.7565628e-02  -2.1448950e-02
   4.2960000e+01  -3.4613946e-05  -9.8923243e-04  -4.4370649e-04  -3.4450900e-02  -1.6377184e-02  -2.1727116e-02
   4.3080000e+01  -3.4036891e-05  -1.0200859e-03  -4.4542652e-04  -3.4933182e-02  -1.5178777e-02  -2.2007676e-02
   4.3200000e+01  -3.2733043e-05  -1.0507499e-03  -4.4605756e-04  -3.5398953e-02  -1.3976966e-02  -2.2289844e-02
   4.3320000e+01  -3.0811285e-05  -1.0811041e-03  -4.4553551e-04  -3.5845942e-02  -1.2778306e-02  -2.2572831e-02
   4.3440000e+01  -2.8380497e-05  -1.1110285e-03  -4.4379624e-04  -3.6271881e-02  -1.1589356e-02  -2.2855852e-02
   4.3560000e+01  -2.5549564e-05  -1.1404027e-03  -4.4077567e-04  -3.6674499e-02  -1.0416673e-02  -2.3138118e-02
   4.3680000e+01  -2.2427365e-05  -1.1691068e-03  -4.3640966e-04  -3.7051528e-02  -9.2668122e-03  -2.3418842e-02
   4.3800000e+01  -1.9122785e-05  -1.1970205e-03  -4.3063412e-04  -3.7400698e-02  -8.1463320e-03  -2.3697238e-02
   4.3920000e+01  -1.5744704e-05  -1.2240236e-03  -4.2338494e-04  -3.7719740e-02  -7.0617893e-03  -2.3972519e-02
   4.4040000e+01  -1.2402004e-05  -1.2499961e-03  -4.1459799e-04  -3.8006384e-02  -6.0197409e-03  -2.4243895e-02
   4.4160000e+01  -9.2035687e-06  -1.2748176e-03  -4.0420918e-04  -3.8258360e-02  -5.0267441e-03  -2.4510582e-02
   4.4280000e+01  -6.2582790e-06  -1.2983681e-03  -3.9215440e-04  -3.8473399e-02  -4.0893558e-03  -2.4771792e-02
   4.4400000e+01  -3.6750173e-06  -1.3205274e-03  -3.7836952e-04  -3.8649232e-02  -3.2141331e-03  -2.5026736e-02
   4.4520000e+01  -1.5626656e-06  -1.3411753e-03  -3.6279045e-04  -3.8783589e-02  -2.4076330e-03  -2.5274629e-02
   4.4640000e+01  -3.0105889e-08  -1.3601917e-03  -3.4535308e-04  -3.8874202e-02  -1.6764126e-03  -2.5514683e-02
   4.4760000e+01   8.1377964e-07  -1.3774564e-03  -3.2599328e-04  -3.8918799e-02  -1.0270290e-03  -2.5746111e-02
   4.4880000e+01   8.6010896e-07  -1.3928492e-03  -3.0464696e-04  -3.8915112e-02  -4.6603906e-04  -2.5968125e-02
   4.5000000e+01   0.0000000e+00  -1.4062500e-03  -2.8125000e-04  -3.8860872e-02   0.0000000e+00  -2.6179939e-02
   4.5120000e+01  -1.8348165e-06  -1.4175766e-03  -2.5577038e-04  -3.8754685e-02   3.6656256e-04  -2.6380995e-02
   4.5240000e+01  -4.5501585e-06  -1.4268987e-03  -2.2830445e-04  -3.8598660e-02   6.3724842e-04  -2.6571657e-02
   4.5360000e+01  -8.0112313e-06  -1.4343242e-03  -1.9898062e-04  -3.8395785e-02   8.1768875e-04  -2.6752517e-02
   4.5480000e+01  -1.2083240e-05  -1.4399608e-03  -1.6792734e-04  -3.8149044e-02   9.1351474e-04  -2.6924170e-02
   4.5600000e+01  -1.6631390e-05  -1.4439162e-03  -1.3527302e-04  -3.7861425e-02   9.3035755e-04  -2.7087207e-02
   4.5720000e+01  -2.1520886e-05  -1.4462982e-03  -1.0114609e-04  -3.7535913e-02   8.7384836e-04  -2.7242223e-02
   4.5840000e+01  -2.6616933e-05  -1.4472146e-03  -6.5674996e-05  -3.7175494e-02   7.4961834e-04  -2.7389811e-02
   4.5960000e+01  -3.1784737e-05  -1.4467731e-03  -2.8988151e-05  -3.6783154e-02   5.6329867e-04  -2.7530564e-02
   4.6080000e+01  -3.6889503e-05  -1.4450816e-03   8.7860113e-06  -3.6361880e-02   3.2052053e-04  -2.7665074e-02
   4.6200000e+01  -4.1796436e-05  -1.4422477e-03   4.7519063e-05  -3.5914657e-02   2.6915092e-05  -2.7793937e-02
   4.6320000e+01  -4.6370742e-05  -1.4383792e-03   8.7082575e-05  -3.5444471e-02  -3.1188647e-04  -2.7917743e-02
   4.6440000e+01  -5.0477624e-05  -1.4335839e-03   1.2734812e-04  -3.4954308e-02  -6.9025299e-04  -2.8037088e-02
   4.6560000e+01  -5.3982289e-05  -1.4279695e-03   1.6818726e-04  -3.4447155e-02  -1.1025533e-03  -2.8152563e-02
   4.6680000e+01  -5.6749942e-05  -1.4216438e-03   2.0947158e-04  -3.3925997e-02  -1.5431562e-03  -2.8264763e-02
   4.6800000e+01  -5.8645788e-05  -1.4147146e-03   2.5107265e-04  -3.3393820e-02  -2.0064305e-03  -2.8374281e-02
   4.6920000e+01  -5.9535032e-05  -1.4072897e-03   2.9286203e-04  -3.2853611e-02  -2.4867451e-03  -2.8481709e-02
   4.7040000e+01  -5.9282879e-05  -1.3994767e-03   3.3471130e-04  -3.2308356e-02  -2.9784687e-03  -2.8587641e-02
   4.7160000e+01  -5.7754535e-05  -1.3913835e-03   3.7649204e-04  -3.1761040e-02  -3.4759702e-03  -2.8692671e-02
   4.7280000e+01  -5.4815205e-05  -1.3831178e-03   4.1807580e-04  -3.1214649e-02  -3.9736185e-03  -2.8797391e-02
   4.7400000e+01  -5.0330093e-05  -1.3747874e-03   4.5933416e-04  -3.0672171e-02  -4.4657823e-03  -2.8902394e-02
   4.7520000e+01  -4.4164406e-05  -1.3665000e-03   5.0013870e-04  -3.0136589e-02  -4.9468305e-03  -2.9008275e-02
   4.7640000e+01  -3.6183347e-05  -1.3583634e-03   5.4036098e-04  -2.9610892e-02  -5.4111319e-03  -2.9115626e-02
   4.7760000e+01  -2.6252124e-05  -1.3504853e-03   5.7987257e-04  -2.9098064e-02  -5.8530553e-03  -2.9225040e-02
   4.7880000e+01  -1.4235939e-05  -1.3429736e-03   6.1854506e-04  -2.8601092e-02  -6.2669696e-03  -2.9337110e-02
   4.8000000e+01   0.0000000e+00  -1.3359360e-03   6.5625000e-04  -2.8122962e-02  -6.6472435e-03  -2.9452431e-02
   4.8120000e+01   1.6533807e-05  -1.3294603e-03   6.9288481e-04  -2.7666159e-02  -6.9896205e-03  -2.9571441e-02
   4.8240000e+01   3.5216868e-05  -1.3235549e-03   7.2845026e-04  -2.7231170e-02  -7.2953419e-03  -2.9693965e-02
   4.8360000e+01   5.5843884e-05  -1.3182080e-03   7.6297294e-04  -2.6817980e-02  -7.5670235e-03  -2.9819674e-02
   4.8480000e+01   7.8209558e-05  -1.3134080e-03   7.9647946e-04  -2.6426576e-02  -7.8072813e-03  -2.9948238e-02
   4.8600000e+01   1.0210859e-04  -1.3091434e-03   8.2899644e-04  -2.6056942e-02  -8.0187312e-03  -3.0079329e-02
   4.8720000e+01   1.2733569e-04  -1.3054025e-03   8.6055046e-04  -2.5709065e-02  -8.2039890e-03  -3.0212618e-02
   4.8840000e+01   1.5368556e-04  -1.3021737e-03   8.9116813e-04  -2.5382930e-02  -8.3656707e-03  -3.0347775e-02
   4.8960000e+01   1.8095290e-04  -1.2994453e-03   9.2087607e-04  -2.5078523e-02  -8.5063922e-03  -3.0484472e-02
   4.9080000e+01   2.0893240e-04  -1.2972057e-03   9.4970087e-04  -2.4795831e-02  -8.6287693e-03  -3.0622379e-02
   4.9200000e+01   2.3741879e-04  -1.2954432e-03   9.7766913e-04  -2.4534838e-02  -8.7354179e-03  -3.0761166e-02
   4.9320000e+01   2.6620675e-04  -1.2941464e-03   1.0048075e-03  -2.4295530e-02  -8.8289540e-03  -3.0900506e-02
   4.9440000e+01   2.9509099e-04  -1.2933034e-03   1.0311425e-03  -2.4077894e-02  -8.9119934e-03  -3.1040069e-02
   4.9560000e+01   3.2386622e-04  -1.2929027e-03   1.0567008e-03  -2.3881914e-02  -8.9871520e-03  -3.1179526e-02
   4.9680000e+01   3.5232713e-04  -1.2929326e-03   1.0815090e-03  -2.3707577e-02  -9.0570457e-03  -3.1318547e-02
   4.9800000e+01   3.8026844e-04  -1.2933816e-03   1.1055936e-03  -2.3554869e-02  -9.1242904e-03  -3.1456804e-02
   4.9920000e+01   4.0748483e-04  -1.2942380e-03   1.1289814e-03  -2.3423775e-02  -9.1915019e-03  -3.1593967e-02
   5.0040000e+01   4.3377102e-04  -1.2954901e-03   1.1516988e-03  -2.3314281e-02  -9.2612963e-03  -3.1729707e-02
   5.0160000e+01   4.5892171e-04  -1.2971264e-03   1.1737726e-03  -2.3226373e-02  -9.3362894e-03  -3.1863696e-02
   5.0280000e+01   4.8273160e-04  -1.2991352e-03   1.1952292e-03  -2.3160037e-02  -9.4190970e-03  -3.1995604e-02
   5.0400000e+01   5.0499539e-04  -1.3015048e-03   1.2160954e-03  -2.3115258e-02  -9.5123350e-03  -3.2125102e-02
   5.0520000e+01   5.2550779e-04  -1.3042237e-03   1.2363977e-03  -2.3092021e-02  -9.6186195e-03  -3.2251861e-02
   5.0640000e+01   5.4406350e-04  -1.3072802e-03   1.2561627e-03  -2.3090314e-02  -9.7405662e-03  -3.2375552e-02
   5.0760000e+01   5.6045721e-04  -1.3106626e-03   1.2754170e-03  -2.3110121e-02  -9.8807910e-03  -3.2495845e-02
   5.0880000e+01   5.7448365e-04  -1.3143595e-03   1.2941872e-03  -2.3151429e-02  -1.0041910e-02  -3.2612412e-02
   5.1000000e+01   5.8593750e-04  -1.3183590e-03   1.3125000e-03  -2.3214223e-02  -1.0226539e-02  -3.2724924e-02
   5.1120000e+01   5.9467959e-04  -1.3226507e-03   1.3303751e-03  -2.3298343e-02  -1.0436412e-02  -3.2833128e-02
   5.1240000e+01   6.0083519e-04  -1.3272286e-03   1.3478054e-03  -2.3403048e-02  -1.0669738e-02  -3.2937082e-02
   5.1360000e+01   6.0459570e-04  -1.3320875e-03   1.3647769e-03  -2.3527451e-02  -1.0923845e-02  -3.3036919e-02
   5.1480000e+01   6.0615251e-04  -1.3372226e-03   1.3812755e-03  -2.3670665e-02  -1.1196061e-02  -3.3132774e-02
   5.1600000e+01   6.0569702e-04  -1.3426287e-03   1.3972873e-03  -2.3831802e-02  -1.1483712e-02  -3.3224781e-02
   5.1720000e+01   6.0342061e-04  -1.3483010e-03   1.4127983e-03  -2.4009976e-02  -1.1784125e-02  -3.3313075e-02
   5.1840000e+01   5.9951469e-04  -1.3542345e-03   1.4277945e-03  -2.4204299e-02  -1.2094630e-02  -3.3397788e-02
   5.1960000e+01   5.9417065e-04  -1.3604241e-03   1.4422619e-03  -2.4413885e-02  -1.2412552e-02  -3.3479056e-02
   5.2080000e+01   5.8757989e-04  -1.3668648e-03   1.4561865e-03  -2.4637846e-02  -1.2735220e-02  -3.3557012e-02
   5.2200000e+01   5.7993378e-04  -1.3735517e-03   1.4695544e-03  -2.4875295e-02  -1.3059960e-02  -3.3631792e-02
   5.2320000e+01   5.7142374e-04  -1.3804798e-03   1.4823515e-03  -2.5125346e-02  -1.3384101e-02  -3.3703528e-02
   5.2440000e+01   5.6224115e-04  -1.3876440e-03   1.4945640e-03  -2.5387111e-02  -1.3704969e-02  -3.3772355e-02
   5.2560000e+01   5.5257741e-04  -1.3950394e-03   1.5061776e-03  -2.5659703e-02  -1.4019893e-02  -3.3838407e-02
   5.2680000e+01   5.4262391e-04  -1.4026611e-03   1.5171786e-03  -2.5942235e-02  -1.4326199e-02  -3.3901819e-02
   5.2800000e+01   5.3257204e-04  -1.4105039e-03   1.5275529e-03  -2.6233820e-02  -1.4621215e-02  -3.3962724e-02
   5.2920000e+01   5.2261320e-04  -1.4185629e-03   1.5372865e-03  -2.6533571e-02  -1.4902268e-02  -3.4021256e-02
   5.3040000e+01   5.1293879e-04  -1.4268332e-03   1.5463654e-03  -2.6840601e-02  -1.5166686e-02  -3.4077551e-02
   5.3160000e+01   5.0374020e-04  -1.4353097e-03   1.5547757e-03  -2.7154023e-02  -1.5411797e-02  -3.4131741e-02
   5.3280000e+01   4.9520881e-04  -1.4439874e-03   1.5625033e-03  -2.7472949e-02  -1.5634927e-02  -3.4183961e-02
   5.3400000e+01   4.8753603e-04  -1.4528613e-03   1.5695343e-03  -2.7796493e-02  -1.5833405e-02  -3.4234346e-02
   5.3520000e+01   4.8091325e-04  -1.4619265e-03   1.5758546e-03  -2.8123768e-02  -1.6004557e-02  -3.4283029e-02
   5.3640000e+01   4.7553186e-04  -1.4711780e-03   1.5814503e-03  -2.8453886e-02  -1.6145712e-02  -3.4330144e-02
   5.3760000e+01   4.7158326e-04  -1.4806107e-03   1.5863075e-03  -2.8785961e-02  -1.6254196e-02  -3.4375826e-02
   5.3880000e+01   4.6925884e-04  -1.4902197e-03   1.5904120e-03  -2.9119105e-02  -1.6327337e-02  -3.4420209e-02
   5.4000000e+01   4.6875000e-04  -1.5000000e-03   1.5937500e-03  -2.9452431e-02  -1.6362462e-02  -3.4463427e-02
   5.4120000e+01   4.7020722e-04  -1.5099403e-03   1.5963146e-03  -2.9784996e-02  -1.6357676e-02  -3.4505531e-02
   5.4240000e+01   4.7361738e-04  -1.5200042e-03   1.5981280e-03  -3.0115627e-02  -1.6314189e-02  -3.4546239e-02
   5.4360000e+01   4.7892645e-04  -1.5301491e-03   1.5992196e-03  -3.0443097e-02  -1.6233989e-02  -3.4585187e-02
   5.4480000e+01   4.8608041e-04  -1.5403324e-03   1.5996186e-03  -3.0766177e-02  -1.6119064e-02  -3.4622011e-02
   5.4600000e+01   4.9502521e-04  -1.5505113e-03   1.5993545e-03  -3.1083639e-02  -1.5971400e-02  -3.4656346e-02
   5.4720000e+01   5.0570685e-04  -1.5606433e-03   1.5984565e-03  -3.1394253e-02  -1.5792986e-02  -3.4687827e-02
   5.4840000e+01   5.1807128e-04  -1.5706856e-03   1.5969540e-03  -3.1696792e-02  -1.5585808e-02  -3.4716090e-02
   5.4960000e+01   5.3206448e-04  -1.5805957e-03   1.5948764e-03  -3.1990027e-02  -1.5351855e-02  -3.4740770e-02
   5.5080000e+01   5.4763241e-04  -1.5903309e-03   1.5922531e-03  -3.2272730e-02  -1.5093114e-02  -3.4761502e-02
   5.5200000e+01   5.6472106e-04  -1.5998484e-03   1.5891133e-03  -3.2543672e-02  -1.4811572e-02  -3.4777923e-02
   5.5320000e+01   5.8327639e-04  -1.6091058e-03   1.5854864e-03  -3.2801625e-02  -1.4509217e-02  -3.4789667e-02
   5.5440000e+01   6.0324437e-04  -1.6180603e-03   1.5814017e-03  -3.3045361e-02  -1.4188037e-02  -3.4796371e-02
   5.5560000e+01   6.2457098e-04  -1.6266692e-03   1.5768887e-03  -3.3273650e-02  -1.3850018e-02  -3.4797668e-02
   5.5680000e+01   6.4720218e-04  -1.6348900e-03   1.5719766e-03  -3.3485264e-02  -1.3497149e-02  -3.4793196e-02
   5.5800000e+01   6.7108395e-04  -1.6426799e-03   1.5666948e-03  -3.3678976e-02  -1.3131416e-02  -3.4782589e-02
   5.5920000e+01   6.9616225e-04  -1.6499963e-03   1.5610727e-03  -3.3853556e-02  -1.2754808e-02  -3.4765483e-02
   5.6040000e+01   7.2238307e-04  -1.6567966e-03   1.5551395e-03  -3.4007777e-02  -1.2369312e-02  -3.4741513e-02
   5.6160000e+01   7.4969237e-04  -1.6630381e-03   1.5489248e-03  -3.4140409e-02  -1.1976916e-02  -3.4710315e-02
   5.6280000e+01   7.7803612e-04  -1.6686782e-03   1.5424577e-03  -3.4250224e-02  -1.1579606e-02  -3.4671523e-02
   5.6400000e+01   8.0736029e-04  -1.6736742e-03   1.5357676e-03  -3.4335994e-02  -1.1179370e-02  -3.4624775e-02
   5.6520000e+01   8.3761086e-04  -1.6779835e-03   1.5288839e-03  -3.4396490e-02  -1.0778197e-02  -3.4569704e-02
   5.6640000e+01   8.6873379e-04  -1.6815633e-03   1.5218360e-03  -3.4430484e-02  -1.0378073e-02  -3.4505947e-02
   5.6760000e+01   9.0067506e-04  -1.6843711e-03   1.5146531e-03  -3.4436747e-02  -9.9809854e-03  -3.4433139e-02
   5.6880000e+01   9.3338064e-04  -1.6863642e-03   1.5073647e-03  -3.4414052e-02  -9.5889225e-03  -3.4350915e-02
   5.7000000e+01   9.6679650e-04  -1.6875000e-03   1.5000000e-03  -3.4361169e-02  -9.2038716e-03  -3.4258911e-02
   5.7120000e+01   1.0008686e-03  -1.6877358e-03   1.4925885e-03  -3.4276870e-02  -8.8278201e-03  -3.4156762e-02
   5.7240000e+01   1.0355429e-03  -1.6870289e-03   1.4851594e-03  -3.4159927e-02  -8.4627555e-03  -3.4044104e-02
   5.7360000e+01   1.0707655e-03  -1.6853367e-03   1.4777421e-03  -3.4009111e-02  -8.1106653e-03  -3.3920572e-02
   5.7480000e+01   1.1064822e-03  -1.6826165e-03   1.4703661e-03  -3.3823193e-02  -7.7735370e-03  -3.3785802e-02
   5.7600000e+01   1.1426390e-03  -1.6788258e-03   1.4630605e-03  -3.3600946e-02  -7.4533581e-03  -3.3639428e-02
   5.7720000e+01   1.1791819e-03  -1.6739218e-03   1.4558548e-03  -3.3341141e-02  -7.1521162e-03  -3.3481088e-02
   5.7840000e+01   1.2160569e-03  -1.6678619e-03   1.4487783e-03  -3.3042549e-02  -6.8717986e-03  -3.3310415e-02
   5.7960000e+01   1.2532100e-03  -1.6606034e-03   1.4418603e-03  -3.2703942e-02  -6.6143930e-03  -3.3127045e-02
   5.8080000e+01   1.2905871e-03  -1.6521037e-03   1.4351303e-03  -3.2324092e-02  -6.3818868e-03  -3.2930614e-02
   5.8200000e+01   1.3281342e-03  -1.6423201e-03   1.4286175e-03  -3.1901769e-02  -6.1762675e-03  -3.2720758e-02
   5.8320000e+01   1.3657972e-03  -1.6312100e-03   1.4223513e-03  -3.1435747e-02  -5.9995227e-03  -3.2497111e-02
   5.8440000e+01   1.4035222e-03  -1.6187308e-03   1.4163611e-03  -3.0924795e-02  -5.8536398e-03  -3.2259310e-02
   5.8560000e+01   1.4412551e-03  -1.6048397e-03   1.4106761e-03  -3.0367686e-02  -5.7406063e-03  -3.2006989e-02
   5.8680000e+01   1.4789418e-03  -1.5894942e-03   1.4053258e-03  -2.9763191e-02  -5.6624097e-03  -3.1739784e-02
   5.8800000e+01   1.5165285e-03  -1.5726516e-03   1.4003395e-03  -2.9110082e-02  -5.6210376e-03  -3.1457330e-02
   5.8920000e+01   1.5539609e-03  -1.5542691e-03   1.3957465e-03  -2.8407131e-02  -5.6184774e-03  -3.1159264e-02
   5.9040000e+01   1.5911851e-03  -1.5343043e-03   1.3915762e-03  -2.7653108e-02  -5.6567167e-03  -3.0845220e-02
   5.9160000e+01   1.6281471e-03  -1.5127144e-03   1.3878579e-03  -2.6846786e-02  -5.7377428e-03  -3.0514833e-02
   5.9280000e+01   1.6647928e-03  -1.4894567e-03   1.3846210e-03  -2.5986936e-02  -5.8635435e-03  -3.0167740e-02
   5.9400000e+01   1.7010683e-03  -1.4644887e-03   1.3818948e-03  -2.5072329e-02  -6.0361060e-03  -2.9803576e-02
   5.9520000e+01   1.7369194e-03  -1.4377676e-03   1.3797087e-03  -2.4101738e-02  -6.2574180e-03  -2.9421976e-02
   5.9640000e+01   1.7722921e-03  -1.4092509e-03   1.3780920e-03  -2.3073933e-02  -6.5294670e-03  -2.9022575e-02
   5.9760000e+01   1.8071325e-03  -1.3788958e-03   1.3770741e-03  -2.1987686e-02  -6.8542404e-03  -2.8605010e-02
   5.9880000e+01   1.8413865e-03  -1.3466597e-03   1.3766843e-03  -2.0841770e-02  -7.2337257e-03  -2.8168915e-02
   6.0000000e+01   1.8750000e-03  -1.3125000e-03   1.3769520e-03  -1.9634954e-02  -7.6699106e-03  -2.7713926e-02
