  -1.2470665e+00   3.4720000e-03
  -1.2315750e+00   4.9390000e-03
  -1.2160835e+00   5.9360000e-03
  -1.2005920e+00   6.3400000e-03
  -1.1851005e+00   6.0860000e-03
  -1.1696090e+00   5.1760000e-03
  -1.1541174e+00   3.6850000e-03
  -1.1386259e+00   1.7530000e-03
  -1.1231344e+00   4.2500000e-04
  -1.1076429e+00   2.6180000e-03
  -1.0921514e+00   4.5820000e-03
  -1.0766599e+00   6.0860000e-03
  -1.0611684e+00   6.9350000e-03
  -1.0456769e+00   6.9980000e-03
  -1.0301854e+00   6.2230000e-03
  -1.0146939e+00   4.6470000e-03
  -9.9920235e-01   2.4000000e-03
  -9.8371084e-01   3.0700000e-04
  -9.6821933e-01   3.1960000e-03
  -9.5272782e-01   5.9500000e-03
  -9.3723631e-01   8.2480000e-03
  -9.2174481e-01   9.7960000e-03
  -9.0625330e-01   1.0366000e-02
  -8.9076179e-01   9.8290000e-03
  -8.7527028e-01   8.1730000e-03
  -8.5977877e-01   5.5230000e-03
  -8.4428726e-01   2.1360000e-03
  -8.2879575e-01   1.6120000e-03
  -8.1330424e-01   5.2580000e-03
  -7.9781273e-01   8.2940000e-03
  -7.8232122e-01   1.0224000e-02
  -7.6682971e-01   1.0625000e-02
  -7.5133820e-01   9.2100000e-03
  -7.3584669e-01   5.8870000e-03
  -7.2035518e-01   8.1500000e-04
  -7.0486367e-01   5.5670000e-03
  -6.8937217e-01   1.2515000e-02
  -6.7388066e-01   1.8994000e-02
  -6.5838915e-01   2.3703000e-02
  -6.4289764e-01   2.5134000e-02
  -6.2740613e-01   2.1643000e-02
  -6.1191462e-01   1.1551000e-02
  -5.9642311e-01   6.7540000e-03
  -5.8093160e-01   3.4693000e-02
  -5.6544009e-01   7.3366000e-02
  -5.4994858e-01   1.2341200e-01
  -5.3445707e-01   1.8486300e-01
  -5.1896556e-01   2.5702300e-01
  -5.0347405e-01   3.3837000e-01
  -4.8798254e-01   4.2654200e-01
  -4.7249103e-01   5.1841300e-01
  -4.5699953e-01   6.1029700e-01
  -4.4150802e-01   6.9825600e-01
  -4.2601651e-01   7.7850200e-01
  -4.1052500e-01   8.4783600e-01
  -3.9503349e-01   9.0404200e-01
  -3.7954198e-01   9.4617900e-01
  -3.6405047e-01   9.7469000e-01
  -3.4855896e-01   9.9129600e-01
  -3.3306745e-01   9.9866400e-01
  -3.1757594e-01   9.9990600e-01
  -3.0208443e-01   9.9801400e-01
  -2.8659292e-01   9.9536000e-01
  -2.7110141e-01   9.9342300e-01
  -2.5560990e-01   9.9277800e-01
  -2.4011839e-01   9.9331900e-01
  -2.2462689e-01   9.9458800e-01
  -2.0913538e-01   9.9607200e-01
  -1.9364387e-01   9.9739500e-01
  -1.7815236e-01   9.9837500e-01
  -1.6266085e-01   9.9899300e-01
  -1.4716934e-01   9.9931900e-01
  -1.3167783e-01   9.9943700e-01
  -1.1618632e-01   9.9939600e-01
  -1.0069481e-01   9.9920300e-01
  -8.5203301e-02   9.9884400e-01
  -6.9711792e-02   9.9831900e-01
  -5.4220283e-02   9.9767400e-01
  -3.8728773e-02   9.9700800e-01
  -2.3237264e-02   9.9645400e-01
  -7.7457546e-03   9.9613700e-01
   7.7457546e-03   9.9613700e-01
   2.3237264e-02   9.9645400e-01
   3.8728773e-02   9.9700800e-01
   5.4220283e-02   9.9767400e-01
   6.9711792e-02   9.9831900e-01
   8.5203301e-02   9.9884400e-01
   1.0069481e-01   9.9920300e-01
   1.1618632e-01   9.9939600e-01
   1.3167783e-01   9.9943700e-01
   1.4716934e-01   9.9931900e-01
   1.6266085e-01   9.9899300e-01
   1.7815236e-01   9.9837500e-01
   1.9364387e-01   9.9739500e-01
   2.0913538e-01   9.9607200e-01
   2.2462689e-01   9.9458800e-01
   2.4011839e-01   9.9331900e-01
   2.5560990e-01   9.9277800e-01
   2.7110141e-01   9.9342300e-01
   2.8659292e-01   9.9536000e-01
   3.0208443e-01   9.9801400e-01
   3.1757594e-01   9.9990600e-01
   3.3306745e-01   9.9866400e-01
   3.4855896e-01   9.9129600e-01
   3.6405047e-01   9.7469000e-01
   3.7954198e-01   9.4617900e-01
   3.9503349e-01   9.0404200e-01
   4.1052500e-01   8.4783600e-01
   4.2601651e-01   7.7850200e-01
   4.4150802e-01   6.9825600e-01
   4.5699953e-01   6.1029700e-01
   4.7249103e-01   5.1841300e-01
   4.8798254e-01   4.2654200e-01
   5.0347405e-01   3.3837000e-01
   5.1896556e-01   2.5702300e-01
   5.3445707e-01   1.8486300e-01
   5.4994858e-01   1.2341200e-01
   5.6544009e-01   7.3366000e-02
   5.8093160e-01   3.4693000e-02
   5.9642311e-01   6.7540000e-03
   6.1191462e-01   1.1551000e-02
   6.2740613e-01   2.1643000e-02
   6.4289764e-01   2.5134000e-02
   6.5838915e-01   2.3703000e-02
   6.7388066e-01   1.8994000e-02
   6.8937217e-01   1.2515000e-02
   7.0486367e-01   5.5670000e-03
   7.2035518e-01   8.1500000e-04
   7.3584669e-01   5.8870000e-03
   7.5133820e-01   9.2100000e-03
   7.6682971e-01   1.0625000e-02
   7.8232122e-01   1.0224000e-02
   7.9781273e-01   8.2940000e-03
   8.1330424e-01   5.2580000e-03
   8.2879575e-01   1.6120000e-03
   8.4428726e-01   2.1360000e-03
   8.5977877e-01   5.5230000e-03
   8.7527028e-01   8.1730000e-03
   8.9076179e-01   9.8290000e-03
   9.0625330e-01   1.0366000e-02
   9.2174481e-01   9.7960000e-03
   9.3723631e-01   8.2480000e-03
   9.5272782e-01   5.9500000e-03
   9.6821933e-01   3.1960000e-03
   9.8371084e-01   3.0700000e-04
   9.9920235e-01   2.4000000e-03
   1.0146939e+00   4.6470000e-03
   1.0301854e+00   6.2230000e-03
   1.0456769e+00   6.9980000e-03
   1.0611684e+00   6.9350000e-03
   1.0766599e+00   6.0860000e-03
   1.0921514e+00   4.5820000e-03
   1.1076429e+00   2.6180000e-03
   1.1231344e+00   4.2500000e-04
   1.1386259e+00   1.7530000e-03
   1.1541174e+00   3.6850000e-03
   1.1696090e+00   5.1760000e-03
   1.1851005e+00   6.0860000e-03
   1.2005920e+00   6.3400000e-03
   1.2160835e+00   5.9360000e-03
   1.2315750e+00   4.9390000e-03
   1.2470665e+00   3.4720000e-03
